Iteration,Metric,Avg
0,Susceptible,0.9491525423728814
0,Infected,0.01694915254237288
0,Recovered_Immune,0.03389830508474576
0,Death,0.0
0,Asymptomatic,1.0
0,Hospitalization,0.0
0,Severe,0.0
1,Susceptible,0.9152542372881356
1,Infected,0.05084745762711865
1,Recovered_Immune,0.03389830508474576
1,Death,0.0
1,Asymptomatic,1.0
1,Hospitalization,0.0
1,Severe,0.0
2,Susceptible,0.8728813559322034
2,Infected,0.09322033898305085
2,Recovered_Immune,0.03389830508474576
2,Death,0.0
2,Asymptomatic,1.0
2,Hospitalization,0.0
2,Severe,0.0
3,Susceptible,0.7966101694915254
3,Infected,0.1694915254237288
3,Recovered_Immune,0.03389830508474576
3,Death,0.0
3,Asymptomatic,1.0
3,Hospitalization,0.0
3,Severe,0.0
4,Susceptible,0.7288135593220338
4,Infected,0.23728813559322035
4,Recovered_Immune,0.03389830508474576
4,Death,0.0
4,Asymptomatic,0.9915254237288136
4,Hospitalization,0.00847457627118644
4,Severe,0.0
5,Susceptible,0.6016949152542372
5,Infected,0.3644067796610169
5,Recovered_Immune,0.03389830508474576
5,Death,0.0
5,Asymptomatic,0.9915254237288136
5,Hospitalization,0.00847457627118644
5,Severe,0.0
6,Susceptible,0.6016949152542372
6,Infected,0.3644067796610169
6,Recovered_Immune,0.03389830508474576
6,Death,0.0
6,Asymptomatic,0.9745762711864406
6,Hospitalization,0.025423728813559324
6,Severe,0.0
7,Susceptible,0.6016949152542372
7,Infected,0.3644067796610169
7,Recovered_Immune,0.03389830508474576
7,Death,0.0
7,Asymptomatic,0.9661016949152542
7,Hospitalization,0.025423728813559324
7,Severe,0.00847457627118644
8,Susceptible,0.6016949152542372
8,Infected,0.3644067796610169
8,Recovered_Immune,0.03389830508474576
8,Death,0.0
8,Asymptomatic,0.9576271186440678
8,Hospitalization,0.03389830508474576
8,Severe,0.00847457627118644
9,Susceptible,0.576271186440678
9,Infected,0.3898305084745763
9,Recovered_Immune,0.03389830508474576
9,Death,0.0
9,Asymptomatic,0.9491525423728814
9,Hospitalization,0.0423728813559322
9,Severe,0.00847457627118644
10,Susceptible,0.559322033898305
10,Infected,0.3983050847457627
10,Recovered_Immune,0.03389830508474576
10,Death,0.00847457627118644
10,Asymptomatic,0.9491525423728814
10,Hospitalization,0.03389830508474576
10,Severe,0.00847457627118644
11,Susceptible,0.5508474576271186
11,Infected,0.4067796610169492
11,Recovered_Immune,0.03389830508474576
11,Death,0.00847457627118644
11,Asymptomatic,0.9491525423728814
11,Hospitalization,0.03389830508474576
11,Severe,0.00847457627118644
12,Susceptible,0.5423728813559322
12,Infected,0.4152542372881356
12,Recovered_Immune,0.03389830508474576
12,Death,0.00847457627118644
12,Asymptomatic,0.940677966101695
12,Hospitalization,0.03389830508474576
12,Severe,0.01694915254237288
13,Susceptible,0.5423728813559322
13,Infected,0.4067796610169492
13,Recovered_Immune,0.03389830508474576
13,Death,0.01694915254237288
13,Asymptomatic,0.940677966101695
13,Hospitalization,0.025423728813559324
13,Severe,0.01694915254237288
14,Susceptible,0.5423728813559322
14,Infected,0.4067796610169492
14,Recovered_Immune,0.03389830508474576
14,Death,0.01694915254237288
14,Asymptomatic,0.9322033898305084
14,Hospitalization,0.03389830508474576
14,Severe,0.01694915254237288
15,Susceptible,0.5423728813559322
15,Infected,0.3983050847457627
15,Recovered_Immune,0.03389830508474576
15,Death,0.025423728813559324
15,Asymptomatic,0.9152542372881356
15,Hospitalization,0.0423728813559322
15,Severe,0.01694915254237288
16,Susceptible,0.5254237288135594
16,Infected,0.4152542372881356
16,Recovered_Immune,0.03389830508474576
16,Death,0.025423728813559324
16,Asymptomatic,0.9152542372881356
16,Hospitalization,0.0423728813559322
16,Severe,0.01694915254237288
17,Susceptible,0.4915254237288136
17,Infected,0.4491525423728814
17,Recovered_Immune,0.03389830508474576
17,Death,0.025423728813559324
17,Asymptomatic,0.9152542372881356
17,Hospitalization,0.0423728813559322
17,Severe,0.01694915254237288
18,Susceptible,0.4915254237288136
18,Infected,0.4491525423728814
18,Recovered_Immune,0.03389830508474576
18,Death,0.025423728813559324
18,Asymptomatic,0.9152542372881356
18,Hospitalization,0.0423728813559322
18,Severe,0.01694915254237288
19,Susceptible,0.4830508474576271
19,Infected,0.4491525423728814
19,Recovered_Immune,0.03389830508474576
19,Death,0.03389830508474576
19,Asymptomatic,0.9152542372881356
19,Hospitalization,0.03389830508474576
19,Severe,0.01694915254237288
20,Susceptible,0.4745762711864407
20,Infected,0.4491525423728814
20,Recovered_Immune,0.0423728813559322
20,Death,0.03389830508474576
20,Asymptomatic,0.9152542372881356
20,Hospitalization,0.03389830508474576
20,Severe,0.01694915254237288
21,Susceptible,0.4661016949152542
21,Infected,0.4491525423728814
21,Recovered_Immune,0.05084745762711865
21,Death,0.03389830508474576
21,Asymptomatic,0.923728813559322
21,Hospitalization,0.025423728813559324
21,Severe,0.01694915254237288
22,Susceptible,0.4491525423728814
22,Infected,0.4322033898305085
22,Recovered_Immune,0.0847457627118644
22,Death,0.03389830508474576
22,Asymptomatic,0.9322033898305084
22,Hospitalization,0.025423728813559324
22,Severe,0.00847457627118644
23,Susceptible,0.4406779661016949
23,Infected,0.3983050847457627
23,Recovered_Immune,0.1271186440677966
23,Death,0.03389830508474576
23,Asymptomatic,0.940677966101695
23,Hospitalization,0.01694915254237288
23,Severe,0.00847457627118644
24,Susceptible,0.4406779661016949
24,Infected,0.3220338983050847
24,Recovered_Immune,0.2033898305084746
24,Death,0.03389830508474576
24,Asymptomatic,0.940677966101695
24,Hospitalization,0.01694915254237288
24,Severe,0.00847457627118644
25,Susceptible,0.4152542372881356
25,Infected,0.288135593220339
25,Recovered_Immune,0.2627118644067797
25,Death,0.03389830508474576
25,Asymptomatic,0.9491525423728814
25,Hospitalization,0.01694915254237288
25,Severe,0.0
26,Susceptible,0.4067796610169492
26,Infected,0.1864406779661017
26,Recovered_Immune,0.3728813559322034
26,Death,0.03389830508474576
26,Asymptomatic,0.9491525423728814
26,Hospitalization,0.01694915254237288
26,Severe,0.0
27,Susceptible,0.4067796610169492
27,Infected,0.1864406779661017
27,Recovered_Immune,0.3728813559322034
27,Death,0.03389830508474576
27,Asymptomatic,0.9491525423728814
27,Hospitalization,0.01694915254237288
27,Severe,0.0
28,Susceptible,0.3898305084745763
28,Infected,0.2033898305084746
28,Recovered_Immune,0.3728813559322034
28,Death,0.03389830508474576
28,Asymptomatic,0.9491525423728814
28,Hospitalization,0.00847457627118644
28,Severe,0.00847457627118644
29,Susceptible,0.3644067796610169
29,Infected,0.2288135593220339
29,Recovered_Immune,0.3728813559322034
29,Death,0.03389830508474576
29,Asymptomatic,0.9491525423728814
29,Hospitalization,0.00847457627118644
29,Severe,0.00847457627118644
30,Susceptible,0.3559322033898305
30,Infected,0.211864406779661
30,Recovered_Immune,0.3983050847457627
30,Death,0.03389830508474576
30,Asymptomatic,0.9491525423728814
30,Hospitalization,0.00847457627118644
30,Severe,0.00847457627118644
31,Susceptible,0.3474576271186441
31,Infected,0.211864406779661
31,Recovered_Immune,0.4067796610169492
31,Death,0.03389830508474576
31,Asymptomatic,0.9491525423728814
31,Hospitalization,0.00847457627118644
31,Severe,0.00847457627118644
32,Susceptible,0.3474576271186441
32,Infected,0.2033898305084746
32,Recovered_Immune,0.4152542372881356
32,Death,0.03389830508474576
32,Asymptomatic,0.940677966101695
32,Hospitalization,0.01694915254237288
32,Severe,0.00847457627118644
33,Susceptible,0.3474576271186441
33,Infected,0.19491525423728814
33,Recovered_Immune,0.423728813559322
33,Death,0.03389830508474576
33,Asymptomatic,0.9491525423728814
33,Hospitalization,0.01694915254237288
33,Severe,0.0
34,Susceptible,0.3474576271186441
34,Infected,0.19491525423728814
34,Recovered_Immune,0.423728813559322
34,Death,0.03389830508474576
34,Asymptomatic,0.9491525423728814
34,Hospitalization,0.00847457627118644
34,Severe,0.00847457627118644
35,Susceptible,0.3474576271186441
35,Infected,0.19491525423728814
35,Recovered_Immune,0.423728813559322
35,Death,0.03389830508474576
35,Asymptomatic,0.9491525423728814
35,Hospitalization,0.00847457627118644
35,Severe,0.00847457627118644
36,Susceptible,0.3474576271186441
36,Infected,0.19491525423728814
36,Recovered_Immune,0.423728813559322
36,Death,0.03389830508474576
36,Asymptomatic,0.9491525423728814
36,Hospitalization,0.00847457627118644
36,Severe,0.00847457627118644
37,Susceptible,0.3474576271186441
37,Infected,0.17796610169491525
37,Recovered_Immune,0.4406779661016949
37,Death,0.03389830508474576
37,Asymptomatic,0.9491525423728814
37,Hospitalization,0.00847457627118644
37,Severe,0.00847457627118644
38,Susceptible,0.3389830508474576
38,Infected,0.15254237288135594
38,Recovered_Immune,0.4745762711864407
38,Death,0.03389830508474576
38,Asymptomatic,0.9576271186440678
38,Hospitalization,0.0
38,Severe,0.00847457627118644
39,Susceptible,0.3389830508474576
39,Infected,0.15254237288135594
39,Recovered_Immune,0.4745762711864407
39,Death,0.03389830508474576
39,Asymptomatic,0.9576271186440678
39,Hospitalization,0.0
39,Severe,0.00847457627118644
40,Susceptible,0.3389830508474576
40,Infected,0.1440677966101695
40,Recovered_Immune,0.4830508474576271
40,Death,0.03389830508474576
40,Asymptomatic,0.9576271186440678
40,Hospitalization,0.0
40,Severe,0.00847457627118644
41,Susceptible,0.3389830508474576
41,Infected,0.13559322033898305
41,Recovered_Immune,0.4915254237288136
41,Death,0.03389830508474576
41,Asymptomatic,0.9576271186440678
41,Hospitalization,0.0
41,Severe,0.00847457627118644
42,Susceptible,0.3305084745762712
42,Infected,0.13559322033898305
42,Recovered_Immune,0.5
42,Death,0.03389830508474576
42,Asymptomatic,0.9491525423728814
42,Hospitalization,0.00847457627118644
42,Severe,0.00847457627118644
43,Susceptible,0.3305084745762712
43,Infected,0.11864406779661017
43,Recovered_Immune,0.5169491525423728
43,Death,0.03389830508474576
43,Asymptomatic,0.940677966101695
43,Hospitalization,0.00847457627118644
43,Severe,0.01694915254237288
44,Susceptible,0.3305084745762712
44,Infected,0.11016949152542373
44,Recovered_Immune,0.5254237288135594
44,Death,0.03389830508474576
44,Asymptomatic,0.9491525423728814
44,Hospitalization,0.00847457627118644
44,Severe,0.00847457627118644
45,Susceptible,0.3220338983050847
45,Infected,0.11864406779661017
45,Recovered_Immune,0.5254237288135594
45,Death,0.03389830508474576
45,Asymptomatic,0.9491525423728814
45,Hospitalization,0.00847457627118644
45,Severe,0.00847457627118644
46,Susceptible,0.3220338983050847
46,Infected,0.09322033898305085
46,Recovered_Immune,0.5508474576271186
46,Death,0.03389830508474576
46,Asymptomatic,0.9491525423728814
46,Hospitalization,0.00847457627118644
46,Severe,0.00847457627118644
47,Susceptible,0.3220338983050847
47,Infected,0.0847457627118644
47,Recovered_Immune,0.559322033898305
47,Death,0.03389830508474576
47,Asymptomatic,0.9491525423728814
47,Hospitalization,0.00847457627118644
47,Severe,0.00847457627118644
48,Susceptible,0.3135593220338983
48,Infected,0.09322033898305085
48,Recovered_Immune,0.559322033898305
48,Death,0.03389830508474576
48,Asymptomatic,0.9491525423728814
48,Hospitalization,0.00847457627118644
48,Severe,0.00847457627118644
49,Susceptible,0.3135593220338983
49,Infected,0.07627118644067797
49,Recovered_Immune,0.576271186440678
49,Death,0.03389830508474576
49,Asymptomatic,0.9491525423728814
49,Hospitalization,0.00847457627118644
49,Severe,0.00847457627118644
50,Susceptible,0.3135593220338983
50,Infected,0.05084745762711865
50,Recovered_Immune,0.6016949152542372
50,Death,0.03389830508474576
50,Asymptomatic,0.9491525423728814
50,Hospitalization,0.00847457627118644
50,Severe,0.00847457627118644
51,Susceptible,0.3135593220338983
51,Infected,0.0423728813559322
51,Recovered_Immune,0.6101694915254238
51,Death,0.03389830508474576
51,Asymptomatic,0.9491525423728814
51,Hospitalization,0.00847457627118644
51,Severe,0.00847457627118644
52,Susceptible,0.3135593220338983
52,Infected,0.03389830508474576
52,Recovered_Immune,0.6186440677966102
52,Death,0.03389830508474576
52,Asymptomatic,0.9576271186440678
52,Hospitalization,0.00847457627118644
52,Severe,0.0
53,Susceptible,0.3135593220338983
53,Infected,0.03389830508474576
53,Recovered_Immune,0.6186440677966102
53,Death,0.03389830508474576
53,Asymptomatic,0.9576271186440678
53,Hospitalization,0.0
53,Severe,0.00847457627118644
54,Susceptible,0.3135593220338983
54,Infected,0.03389830508474576
54,Recovered_Immune,0.6186440677966102
54,Death,0.03389830508474576
54,Asymptomatic,0.9576271186440678
54,Hospitalization,0.0
54,Severe,0.00847457627118644
55,Susceptible,0.3135593220338983
55,Infected,0.03389830508474576
55,Recovered_Immune,0.6186440677966102
55,Death,0.03389830508474576
55,Asymptomatic,0.9576271186440678
55,Hospitalization,0.0
55,Severe,0.00847457627118644
56,Susceptible,0.3135593220338983
56,Infected,0.03389830508474576
56,Recovered_Immune,0.6186440677966102
56,Death,0.03389830508474576
56,Asymptomatic,0.9576271186440678
56,Hospitalization,0.0
56,Severe,0.00847457627118644
57,Susceptible,0.3135593220338983
57,Infected,0.03389830508474576
57,Recovered_Immune,0.6186440677966102
57,Death,0.03389830508474576
57,Asymptomatic,0.9576271186440678
57,Hospitalization,0.0
57,Severe,0.00847457627118644
58,Susceptible,0.3135593220338983
58,Infected,0.03389830508474576
58,Recovered_Immune,0.6186440677966102
58,Death,0.03389830508474576
58,Asymptomatic,0.9576271186440678
58,Hospitalization,0.0
58,Severe,0.00847457627118644
59,Susceptible,0.3135593220338983
59,Infected,0.025423728813559324
59,Recovered_Immune,0.6271186440677966
59,Death,0.03389830508474576
59,Asymptomatic,0.9661016949152542
59,Hospitalization,0.0
59,Severe,0.0
60,Susceptible,0.3135593220338983
60,Infected,0.025423728813559324
60,Recovered_Immune,0.6271186440677966
60,Death,0.03389830508474576
60,Asymptomatic,0.9661016949152542
60,Hospitalization,0.0
60,Severe,0.0
61,Susceptible,0.3135593220338983
61,Infected,0.025423728813559324
61,Recovered_Immune,0.6271186440677966
61,Death,0.03389830508474576
61,Asymptomatic,0.9661016949152542
61,Hospitalization,0.0
61,Severe,0.0
62,Susceptible,0.3135593220338983
62,Infected,0.025423728813559324
62,Recovered_Immune,0.6271186440677966
62,Death,0.03389830508474576
62,Asymptomatic,0.9661016949152542
62,Hospitalization,0.0
62,Severe,0.0
63,Susceptible,0.3135593220338983
63,Infected,0.01694915254237288
63,Recovered_Immune,0.635593220338983
63,Death,0.03389830508474576
63,Asymptomatic,0.9661016949152542
63,Hospitalization,0.0
63,Severe,0.0
64,Susceptible,0.3135593220338983
64,Infected,0.01694915254237288
64,Recovered_Immune,0.635593220338983
64,Death,0.03389830508474576
64,Asymptomatic,0.9661016949152542
64,Hospitalization,0.0
64,Severe,0.0
65,Susceptible,0.3135593220338983
65,Infected,0.01694915254237288
65,Recovered_Immune,0.635593220338983
65,Death,0.03389830508474576
65,Asymptomatic,0.9661016949152542
65,Hospitalization,0.0
65,Severe,0.0
66,Susceptible,0.3135593220338983
66,Infected,0.00847457627118644
66,Recovered_Immune,0.6440677966101694
66,Death,0.03389830508474576
66,Asymptomatic,0.9661016949152542
66,Hospitalization,0.0
66,Severe,0.0
67,Susceptible,0.3135593220338983
67,Infected,0.00847457627118644
67,Recovered_Immune,0.6440677966101694
67,Death,0.03389830508474576
67,Asymptomatic,0.9661016949152542
67,Hospitalization,0.0
67,Severe,0.0
68,Susceptible,0.3135593220338983
68,Infected,0.00847457627118644
68,Recovered_Immune,0.6440677966101694
68,Death,0.03389830508474576
68,Asymptomatic,0.9661016949152542
68,Hospitalization,0.0
68,Severe,0.0
69,Susceptible,0.3135593220338983
69,Infected,0.0
69,Recovered_Immune,0.652542372881356
69,Death,0.03389830508474576
69,Asymptomatic,0.9661016949152542
69,Hospitalization,0.0
69,Severe,0.0
70,Susceptible,0.3135593220338983
70,Infected,0.0
70,Recovered_Immune,0.652542372881356
70,Death,0.03389830508474576
70,Asymptomatic,0.9661016949152542
70,Hospitalization,0.0
70,Severe,0.0
71,Susceptible,0.3135593220338983
71,Infected,0.0
71,Recovered_Immune,0.652542372881356
71,Death,0.03389830508474576
71,Asymptomatic,0.9661016949152542
71,Hospitalization,0.0
71,Severe,0.0
72,Susceptible,0.3135593220338983
72,Infected,0.0
72,Recovered_Immune,0.652542372881356
72,Death,0.03389830508474576
72,Asymptomatic,0.9661016949152542
72,Hospitalization,0.0
72,Severe,0.0
73,Susceptible,0.3135593220338983
73,Infected,0.0
73,Recovered_Immune,0.652542372881356
73,Death,0.03389830508474576
73,Asymptomatic,0.9661016949152542
73,Hospitalization,0.0
73,Severe,0.0
74,Susceptible,0.3135593220338983
74,Infected,0.0
74,Recovered_Immune,0.652542372881356
74,Death,0.03389830508474576
74,Asymptomatic,0.9661016949152542
74,Hospitalization,0.0
74,Severe,0.0
75,Susceptible,0.3135593220338983
75,Infected,0.0
75,Recovered_Immune,0.652542372881356
75,Death,0.03389830508474576
75,Asymptomatic,0.9661016949152542
75,Hospitalization,0.0
75,Severe,0.0
76,Susceptible,0.3135593220338983
76,Infected,0.0
76,Recovered_Immune,0.652542372881356
76,Death,0.03389830508474576
76,Asymptomatic,0.9661016949152542
76,Hospitalization,0.0
76,Severe,0.0
77,Susceptible,0.3135593220338983
77,Infected,0.0
77,Recovered_Immune,0.652542372881356
77,Death,0.03389830508474576
77,Asymptomatic,0.9661016949152542
77,Hospitalization,0.0
77,Severe,0.0
78,Susceptible,0.3135593220338983
78,Infected,0.0
78,Recovered_Immune,0.652542372881356
78,Death,0.03389830508474576
78,Asymptomatic,0.9661016949152542
78,Hospitalization,0.0
78,Severe,0.0
79,Susceptible,0.3135593220338983
79,Infected,0.0
79,Recovered_Immune,0.652542372881356
79,Death,0.03389830508474576
79,Asymptomatic,0.9661016949152542
79,Hospitalization,0.0
79,Severe,0.0
80,Susceptible,0.3135593220338983
80,Infected,0.0
80,Recovered_Immune,0.652542372881356
80,Death,0.03389830508474576
80,Asymptomatic,0.9661016949152542
80,Hospitalization,0.0
80,Severe,0.0
81,Susceptible,0.3135593220338983
81,Infected,0.0
81,Recovered_Immune,0.652542372881356
81,Death,0.03389830508474576
81,Asymptomatic,0.9661016949152542
81,Hospitalization,0.0
81,Severe,0.0
82,Susceptible,0.3135593220338983
82,Infected,0.0
82,Recovered_Immune,0.652542372881356
82,Death,0.03389830508474576
82,Asymptomatic,0.9661016949152542
82,Hospitalization,0.0
82,Severe,0.0
83,Susceptible,0.3135593220338983
83,Infected,0.0
83,Recovered_Immune,0.652542372881356
83,Death,0.03389830508474576
83,Asymptomatic,0.9661016949152542
83,Hospitalization,0.0
83,Severe,0.0
84,Susceptible,0.3135593220338983
84,Infected,0.0
84,Recovered_Immune,0.652542372881356
84,Death,0.03389830508474576
84,Asymptomatic,0.9661016949152542
84,Hospitalization,0.0
84,Severe,0.0
85,Susceptible,0.3135593220338983
85,Infected,0.0
85,Recovered_Immune,0.652542372881356
85,Death,0.03389830508474576
85,Asymptomatic,0.9661016949152542
85,Hospitalization,0.0
85,Severe,0.0
86,Susceptible,0.3135593220338983
86,Infected,0.0
86,Recovered_Immune,0.652542372881356
86,Death,0.03389830508474576
86,Asymptomatic,0.9661016949152542
86,Hospitalization,0.0
86,Severe,0.0
87,Susceptible,0.3135593220338983
87,Infected,0.0
87,Recovered_Immune,0.652542372881356
87,Death,0.03389830508474576
87,Asymptomatic,0.9661016949152542
87,Hospitalization,0.0
87,Severe,0.0
88,Susceptible,0.3135593220338983
88,Infected,0.0
88,Recovered_Immune,0.652542372881356
88,Death,0.03389830508474576
88,Asymptomatic,0.9661016949152542
88,Hospitalization,0.0
88,Severe,0.0
89,Susceptible,0.3135593220338983
89,Infected,0.0
89,Recovered_Immune,0.652542372881356
89,Death,0.03389830508474576
89,Asymptomatic,0.9661016949152542
89,Hospitalization,0.0
89,Severe,0.0
90,Susceptible,0.3135593220338983
90,Infected,0.0
90,Recovered_Immune,0.652542372881356
90,Death,0.03389830508474576
90,Asymptomatic,0.9661016949152542
90,Hospitalization,0.0
90,Severe,0.0
91,Susceptible,0.3135593220338983
91,Infected,0.0
91,Recovered_Immune,0.652542372881356
91,Death,0.03389830508474576
91,Asymptomatic,0.9661016949152542
91,Hospitalization,0.0
91,Severe,0.0
92,Susceptible,0.3135593220338983
92,Infected,0.0
92,Recovered_Immune,0.652542372881356
92,Death,0.03389830508474576
92,Asymptomatic,0.9661016949152542
92,Hospitalization,0.0
92,Severe,0.0
93,Susceptible,0.3135593220338983
93,Infected,0.0
93,Recovered_Immune,0.652542372881356
93,Death,0.03389830508474576
93,Asymptomatic,0.9661016949152542
93,Hospitalization,0.0
93,Severe,0.0
94,Susceptible,0.3135593220338983
94,Infected,0.0
94,Recovered_Immune,0.652542372881356
94,Death,0.03389830508474576
94,Asymptomatic,0.9661016949152542
94,Hospitalization,0.0
94,Severe,0.0
95,Susceptible,0.3135593220338983
95,Infected,0.0
95,Recovered_Immune,0.652542372881356
95,Death,0.03389830508474576
95,Asymptomatic,0.9661016949152542
95,Hospitalization,0.0
95,Severe,0.0
96,Susceptible,0.3135593220338983
96,Infected,0.0
96,Recovered_Immune,0.652542372881356
96,Death,0.03389830508474576
96,Asymptomatic,0.9661016949152542
96,Hospitalization,0.0
96,Severe,0.0
97,Susceptible,0.3135593220338983
97,Infected,0.0
97,Recovered_Immune,0.652542372881356
97,Death,0.03389830508474576
97,Asymptomatic,0.9661016949152542
97,Hospitalization,0.0
97,Severe,0.0
98,Susceptible,0.3135593220338983
98,Infected,0.0
98,Recovered_Immune,0.652542372881356
98,Death,0.03389830508474576
98,Asymptomatic,0.9661016949152542
98,Hospitalization,0.0
98,Severe,0.0
99,Susceptible,0.3135593220338983
99,Infected,0.0
99,Recovered_Immune,0.652542372881356
99,Death,0.03389830508474576
99,Asymptomatic,0.9661016949152542
99,Hospitalization,0.0
99,Severe,0.0
100,Susceptible,0.3135593220338983
100,Infected,0.0
100,Recovered_Immune,0.652542372881356
100,Death,0.03389830508474576
100,Asymptomatic,0.9661016949152542
100,Hospitalization,0.0
100,Severe,0.0
101,Susceptible,0.3135593220338983
101,Infected,0.0
101,Recovered_Immune,0.652542372881356
101,Death,0.03389830508474576
101,Asymptomatic,0.9661016949152542
101,Hospitalization,0.0
101,Severe,0.0
102,Susceptible,0.3135593220338983
102,Infected,0.0
102,Recovered_Immune,0.652542372881356
102,Death,0.03389830508474576
102,Asymptomatic,0.9661016949152542
102,Hospitalization,0.0
102,Severe,0.0
103,Susceptible,0.3135593220338983
103,Infected,0.0
103,Recovered_Immune,0.652542372881356
103,Death,0.03389830508474576
103,Asymptomatic,0.9661016949152542
103,Hospitalization,0.0
103,Severe,0.0
104,Susceptible,0.3135593220338983
104,Infected,0.0
104,Recovered_Immune,0.652542372881356
104,Death,0.03389830508474576
104,Asymptomatic,0.9661016949152542
104,Hospitalization,0.0
104,Severe,0.0
105,Susceptible,0.3135593220338983
105,Infected,0.0
105,Recovered_Immune,0.652542372881356
105,Death,0.03389830508474576
105,Asymptomatic,0.9661016949152542
105,Hospitalization,0.0
105,Severe,0.0
106,Susceptible,0.3135593220338983
106,Infected,0.0
106,Recovered_Immune,0.652542372881356
106,Death,0.03389830508474576
106,Asymptomatic,0.9661016949152542
106,Hospitalization,0.0
106,Severe,0.0
107,Susceptible,0.3135593220338983
107,Infected,0.0
107,Recovered_Immune,0.652542372881356
107,Death,0.03389830508474576
107,Asymptomatic,0.9661016949152542
107,Hospitalization,0.0
107,Severe,0.0
108,Susceptible,0.3135593220338983
108,Infected,0.0
108,Recovered_Immune,0.652542372881356
108,Death,0.03389830508474576
108,Asymptomatic,0.9661016949152542
108,Hospitalization,0.0
108,Severe,0.0
109,Susceptible,0.3135593220338983
109,Infected,0.0
109,Recovered_Immune,0.652542372881356
109,Death,0.03389830508474576
109,Asymptomatic,0.9661016949152542
109,Hospitalization,0.0
109,Severe,0.0
110,Susceptible,0.3135593220338983
110,Infected,0.0
110,Recovered_Immune,0.652542372881356
110,Death,0.03389830508474576
110,Asymptomatic,0.9661016949152542
110,Hospitalization,0.0
110,Severe,0.0
111,Susceptible,0.3135593220338983
111,Infected,0.0
111,Recovered_Immune,0.652542372881356
111,Death,0.03389830508474576
111,Asymptomatic,0.9661016949152542
111,Hospitalization,0.0
111,Severe,0.0
112,Susceptible,0.3135593220338983
112,Infected,0.0
112,Recovered_Immune,0.652542372881356
112,Death,0.03389830508474576
112,Asymptomatic,0.9661016949152542
112,Hospitalization,0.0
112,Severe,0.0
113,Susceptible,0.3135593220338983
113,Infected,0.0
113,Recovered_Immune,0.652542372881356
113,Death,0.03389830508474576
113,Asymptomatic,0.9661016949152542
113,Hospitalization,0.0
113,Severe,0.0
114,Susceptible,0.3135593220338983
114,Infected,0.0
114,Recovered_Immune,0.652542372881356
114,Death,0.03389830508474576
114,Asymptomatic,0.9661016949152542
114,Hospitalization,0.0
114,Severe,0.0
115,Susceptible,0.3135593220338983
115,Infected,0.0
115,Recovered_Immune,0.652542372881356
115,Death,0.03389830508474576
115,Asymptomatic,0.9661016949152542
115,Hospitalization,0.0
115,Severe,0.0
116,Susceptible,0.3135593220338983
116,Infected,0.0
116,Recovered_Immune,0.652542372881356
116,Death,0.03389830508474576
116,Asymptomatic,0.9661016949152542
116,Hospitalization,0.0
116,Severe,0.0
117,Susceptible,0.3135593220338983
117,Infected,0.0
117,Recovered_Immune,0.652542372881356
117,Death,0.03389830508474576
117,Asymptomatic,0.9661016949152542
117,Hospitalization,0.0
117,Severe,0.0
118,Susceptible,0.3135593220338983
118,Infected,0.0
118,Recovered_Immune,0.652542372881356
118,Death,0.03389830508474576
118,Asymptomatic,0.9661016949152542
118,Hospitalization,0.0
118,Severe,0.0
119,Susceptible,0.3135593220338983
119,Infected,0.0
119,Recovered_Immune,0.652542372881356
119,Death,0.03389830508474576
119,Asymptomatic,0.9661016949152542
119,Hospitalization,0.0
119,Severe,0.0
120,Susceptible,0.3135593220338983
120,Infected,0.0
120,Recovered_Immune,0.652542372881356
120,Death,0.03389830508474576
120,Asymptomatic,0.9661016949152542
120,Hospitalization,0.0
120,Severe,0.0
121,Susceptible,0.3135593220338983
121,Infected,0.0
121,Recovered_Immune,0.652542372881356
121,Death,0.03389830508474576
121,Asymptomatic,0.9661016949152542
121,Hospitalization,0.0
121,Severe,0.0
122,Susceptible,0.3135593220338983
122,Infected,0.0
122,Recovered_Immune,0.652542372881356
122,Death,0.03389830508474576
122,Asymptomatic,0.9661016949152542
122,Hospitalization,0.0
122,Severe,0.0
123,Susceptible,0.3135593220338983
123,Infected,0.0
123,Recovered_Immune,0.652542372881356
123,Death,0.03389830508474576
123,Asymptomatic,0.9661016949152542
123,Hospitalization,0.0
123,Severe,0.0
124,Susceptible,0.3135593220338983
124,Infected,0.0
124,Recovered_Immune,0.652542372881356
124,Death,0.03389830508474576
124,Asymptomatic,0.9661016949152542
124,Hospitalization,0.0
124,Severe,0.0
125,Susceptible,0.3135593220338983
125,Infected,0.0
125,Recovered_Immune,0.652542372881356
125,Death,0.03389830508474576
125,Asymptomatic,0.9661016949152542
125,Hospitalization,0.0
125,Severe,0.0
126,Susceptible,0.3135593220338983
126,Infected,0.0
126,Recovered_Immune,0.652542372881356
126,Death,0.03389830508474576
126,Asymptomatic,0.9661016949152542
126,Hospitalization,0.0
126,Severe,0.0
127,Susceptible,0.3135593220338983
127,Infected,0.0
127,Recovered_Immune,0.652542372881356
127,Death,0.03389830508474576
127,Asymptomatic,0.9661016949152542
127,Hospitalization,0.0
127,Severe,0.0
128,Susceptible,0.3135593220338983
128,Infected,0.0
128,Recovered_Immune,0.652542372881356
128,Death,0.03389830508474576
128,Asymptomatic,0.9661016949152542
128,Hospitalization,0.0
128,Severe,0.0
129,Susceptible,0.3135593220338983
129,Infected,0.0
129,Recovered_Immune,0.652542372881356
129,Death,0.03389830508474576
129,Asymptomatic,0.9661016949152542
129,Hospitalization,0.0
129,Severe,0.0
130,Susceptible,0.3135593220338983
130,Infected,0.0
130,Recovered_Immune,0.652542372881356
130,Death,0.03389830508474576
130,Asymptomatic,0.9661016949152542
130,Hospitalization,0.0
130,Severe,0.0
131,Susceptible,0.3135593220338983
131,Infected,0.0
131,Recovered_Immune,0.652542372881356
131,Death,0.03389830508474576
131,Asymptomatic,0.9661016949152542
131,Hospitalization,0.0
131,Severe,0.0
132,Susceptible,0.3135593220338983
132,Infected,0.0
132,Recovered_Immune,0.652542372881356
132,Death,0.03389830508474576
132,Asymptomatic,0.9661016949152542
132,Hospitalization,0.0
132,Severe,0.0
133,Susceptible,0.3135593220338983
133,Infected,0.0
133,Recovered_Immune,0.652542372881356
133,Death,0.03389830508474576
133,Asymptomatic,0.9661016949152542
133,Hospitalization,0.0
133,Severe,0.0
134,Susceptible,0.3135593220338983
134,Infected,0.0
134,Recovered_Immune,0.652542372881356
134,Death,0.03389830508474576
134,Asymptomatic,0.9661016949152542
134,Hospitalization,0.0
134,Severe,0.0
135,Susceptible,0.3135593220338983
135,Infected,0.0
135,Recovered_Immune,0.652542372881356
135,Death,0.03389830508474576
135,Asymptomatic,0.9661016949152542
135,Hospitalization,0.0
135,Severe,0.0
136,Susceptible,0.3135593220338983
136,Infected,0.0
136,Recovered_Immune,0.652542372881356
136,Death,0.03389830508474576
136,Asymptomatic,0.9661016949152542
136,Hospitalization,0.0
136,Severe,0.0
137,Susceptible,0.3135593220338983
137,Infected,0.0
137,Recovered_Immune,0.652542372881356
137,Death,0.03389830508474576
137,Asymptomatic,0.9661016949152542
137,Hospitalization,0.0
137,Severe,0.0
138,Susceptible,0.3135593220338983
138,Infected,0.0
138,Recovered_Immune,0.652542372881356
138,Death,0.03389830508474576
138,Asymptomatic,0.9661016949152542
138,Hospitalization,0.0
138,Severe,0.0
139,Susceptible,0.3135593220338983
139,Infected,0.0
139,Recovered_Immune,0.652542372881356
139,Death,0.03389830508474576
139,Asymptomatic,0.9661016949152542
139,Hospitalization,0.0
139,Severe,0.0
140,Susceptible,0.3135593220338983
140,Infected,0.0
140,Recovered_Immune,0.652542372881356
140,Death,0.03389830508474576
140,Asymptomatic,0.9661016949152542
140,Hospitalization,0.0
140,Severe,0.0
141,Susceptible,0.3135593220338983
141,Infected,0.0
141,Recovered_Immune,0.652542372881356
141,Death,0.03389830508474576
141,Asymptomatic,0.9661016949152542
141,Hospitalization,0.0
141,Severe,0.0
142,Susceptible,0.3135593220338983
142,Infected,0.0
142,Recovered_Immune,0.652542372881356
142,Death,0.03389830508474576
142,Asymptomatic,0.9661016949152542
142,Hospitalization,0.0
142,Severe,0.0
