Iteration,Metric,Avg
0,Susceptible,0.923728813559322
0,Infected,0.01694915254237288
0,Recovered_Immune,0.059322033898305086
0,Death,0.0
0,Asymptomatic,1.0
0,Hospitalization,0.0
0,Severe,0.0
1,Susceptible,0.8728813559322034
1,Infected,0.06779661016949153
1,Recovered_Immune,0.059322033898305086
1,Death,0.0
1,Asymptomatic,1.0
1,Hospitalization,0.0
1,Severe,0.0
2,Susceptible,0.8050847457627118
2,Infected,0.13559322033898305
2,Recovered_Immune,0.059322033898305086
2,Death,0.0
2,Asymptomatic,1.0
2,Hospitalization,0.0
2,Severe,0.0
3,Susceptible,0.7542372881355932
3,Infected,0.1864406779661017
3,Recovered_Immune,0.059322033898305086
3,Death,0.0
3,Asymptomatic,1.0
3,Hospitalization,0.0
3,Severe,0.0
4,Susceptible,0.6779661016949152
4,Infected,0.2627118644067797
4,Recovered_Immune,0.059322033898305086
4,Death,0.0
4,Asymptomatic,0.9915254237288136
4,Hospitalization,0.00847457627118644
4,Severe,0.0
5,Susceptible,0.635593220338983
5,Infected,0.2966101694915254
5,Recovered_Immune,0.059322033898305086
5,Death,0.00847457627118644
5,Asymptomatic,0.9745762711864406
5,Hospitalization,0.01694915254237288
5,Severe,0.0
6,Susceptible,0.635593220338983
6,Infected,0.2966101694915254
6,Recovered_Immune,0.059322033898305086
6,Death,0.00847457627118644
6,Asymptomatic,0.9745762711864406
6,Hospitalization,0.01694915254237288
6,Severe,0.0
7,Susceptible,0.635593220338983
7,Infected,0.2966101694915254
7,Recovered_Immune,0.059322033898305086
7,Death,0.00847457627118644
7,Asymptomatic,0.9745762711864406
7,Hospitalization,0.00847457627118644
7,Severe,0.00847457627118644
8,Susceptible,0.6186440677966102
8,Infected,0.3135593220338983
8,Recovered_Immune,0.059322033898305086
8,Death,0.00847457627118644
8,Asymptomatic,0.9745762711864406
8,Hospitalization,0.00847457627118644
8,Severe,0.00847457627118644
9,Susceptible,0.6101694915254238
9,Infected,0.3220338983050847
9,Recovered_Immune,0.059322033898305086
9,Death,0.00847457627118644
9,Asymptomatic,0.9745762711864406
9,Hospitalization,0.00847457627118644
9,Severe,0.00847457627118644
10,Susceptible,0.5932203389830508
10,Infected,0.3389830508474576
10,Recovered_Immune,0.059322033898305086
10,Death,0.00847457627118644
10,Asymptomatic,0.9745762711864406
10,Hospitalization,0.00847457627118644
10,Severe,0.00847457627118644
11,Susceptible,0.576271186440678
11,Infected,0.3559322033898305
11,Recovered_Immune,0.059322033898305086
11,Death,0.00847457627118644
11,Asymptomatic,0.9745762711864406
11,Hospitalization,0.00847457627118644
11,Severe,0.00847457627118644
12,Susceptible,0.576271186440678
12,Infected,0.3559322033898305
12,Recovered_Immune,0.059322033898305086
12,Death,0.00847457627118644
12,Asymptomatic,0.9745762711864406
12,Hospitalization,0.00847457627118644
12,Severe,0.00847457627118644
13,Susceptible,0.5677966101694916
13,Infected,0.3644067796610169
13,Recovered_Immune,0.059322033898305086
13,Death,0.00847457627118644
13,Asymptomatic,0.9745762711864406
13,Hospitalization,0.0
13,Severe,0.01694915254237288
14,Susceptible,0.5508474576271186
14,Infected,0.3813559322033898
14,Recovered_Immune,0.059322033898305086
14,Death,0.00847457627118644
14,Asymptomatic,0.9745762711864406
14,Hospitalization,0.0
14,Severe,0.01694915254237288
15,Susceptible,0.5338983050847458
15,Infected,0.3983050847457627
15,Recovered_Immune,0.059322033898305086
15,Death,0.00847457627118644
15,Asymptomatic,0.9745762711864406
15,Hospitalization,0.0
15,Severe,0.01694915254237288
16,Susceptible,0.5254237288135594
16,Infected,0.3983050847457627
16,Recovered_Immune,0.059322033898305086
16,Death,0.01694915254237288
16,Asymptomatic,0.9576271186440678
16,Hospitalization,0.00847457627118644
16,Severe,0.01694915254237288
17,Susceptible,0.5169491525423728
17,Infected,0.4067796610169492
17,Recovered_Immune,0.059322033898305086
17,Death,0.01694915254237288
17,Asymptomatic,0.9576271186440678
17,Hospitalization,0.00847457627118644
17,Severe,0.01694915254237288
18,Susceptible,0.5084745762711864
18,Infected,0.4152542372881356
18,Recovered_Immune,0.059322033898305086
18,Death,0.01694915254237288
18,Asymptomatic,0.9576271186440678
18,Hospitalization,0.00847457627118644
18,Severe,0.01694915254237288
19,Susceptible,0.5
19,Infected,0.423728813559322
19,Recovered_Immune,0.059322033898305086
19,Death,0.01694915254237288
19,Asymptomatic,0.9491525423728814
19,Hospitalization,0.01694915254237288
19,Severe,0.01694915254237288
20,Susceptible,0.4745762711864407
20,Infected,0.4406779661016949
20,Recovered_Immune,0.06779661016949153
20,Death,0.01694915254237288
20,Asymptomatic,0.940677966101695
20,Hospitalization,0.025423728813559324
20,Severe,0.01694915254237288
21,Susceptible,0.4745762711864407
21,Infected,0.4322033898305085
21,Recovered_Immune,0.07627118644067797
21,Death,0.01694915254237288
21,Asymptomatic,0.940677966101695
21,Hospitalization,0.01694915254237288
21,Severe,0.025423728813559324
22,Susceptible,0.4576271186440678
22,Infected,0.4152542372881356
22,Recovered_Immune,0.11016949152542373
22,Death,0.01694915254237288
22,Asymptomatic,0.940677966101695
22,Hospitalization,0.00847457627118644
22,Severe,0.03389830508474576
23,Susceptible,0.4576271186440678
23,Infected,0.3474576271186441
23,Recovered_Immune,0.17796610169491525
23,Death,0.01694915254237288
23,Asymptomatic,0.940677966101695
23,Hospitalization,0.01694915254237288
23,Severe,0.025423728813559324
24,Susceptible,0.4491525423728814
24,Infected,0.3050847457627119
24,Recovered_Immune,0.2288135593220339
24,Death,0.01694915254237288
24,Asymptomatic,0.940677966101695
24,Hospitalization,0.01694915254237288
24,Severe,0.025423728813559324
25,Susceptible,0.4406779661016949
25,Infected,0.23728813559322035
25,Recovered_Immune,0.3050847457627119
25,Death,0.01694915254237288
25,Asymptomatic,0.9491525423728814
25,Hospitalization,0.01694915254237288
25,Severe,0.01694915254237288
26,Susceptible,0.4406779661016949
26,Infected,0.19491525423728814
26,Recovered_Immune,0.3474576271186441
26,Death,0.01694915254237288
26,Asymptomatic,0.9491525423728814
26,Hospitalization,0.01694915254237288
26,Severe,0.01694915254237288
27,Susceptible,0.4322033898305085
27,Infected,0.2033898305084746
27,Recovered_Immune,0.3474576271186441
27,Death,0.01694915254237288
27,Asymptomatic,0.9491525423728814
27,Hospitalization,0.01694915254237288
27,Severe,0.01694915254237288
28,Susceptible,0.423728813559322
28,Infected,0.211864406779661
28,Recovered_Immune,0.3474576271186441
28,Death,0.01694915254237288
28,Asymptomatic,0.9491525423728814
28,Hospitalization,0.01694915254237288
28,Severe,0.01694915254237288
29,Susceptible,0.4152542372881356
29,Infected,0.2033898305084746
29,Recovered_Immune,0.3644067796610169
29,Death,0.01694915254237288
29,Asymptomatic,0.9491525423728814
29,Hospitalization,0.00847457627118644
29,Severe,0.025423728813559324
30,Susceptible,0.4152542372881356
30,Infected,0.19491525423728814
30,Recovered_Immune,0.3728813559322034
30,Death,0.01694915254237288
30,Asymptomatic,0.9491525423728814
30,Hospitalization,0.00847457627118644
30,Severe,0.025423728813559324
31,Susceptible,0.4067796610169492
31,Infected,0.1864406779661017
31,Recovered_Immune,0.3898305084745763
31,Death,0.01694915254237288
31,Asymptomatic,0.9491525423728814
31,Hospitalization,0.00847457627118644
31,Severe,0.025423728813559324
32,Susceptible,0.3813559322033898
32,Infected,0.19491525423728814
32,Recovered_Immune,0.4067796610169492
32,Death,0.01694915254237288
32,Asymptomatic,0.9576271186440678
32,Hospitalization,0.00847457627118644
32,Severe,0.01694915254237288
33,Susceptible,0.3813559322033898
33,Infected,0.19491525423728814
33,Recovered_Immune,0.4067796610169492
33,Death,0.01694915254237288
33,Asymptomatic,0.9576271186440678
33,Hospitalization,0.00847457627118644
33,Severe,0.01694915254237288
34,Susceptible,0.3728813559322034
34,Infected,0.19491525423728814
34,Recovered_Immune,0.4152542372881356
34,Death,0.01694915254237288
34,Asymptomatic,0.9576271186440678
34,Hospitalization,0.00847457627118644
34,Severe,0.01694915254237288
35,Susceptible,0.3644067796610169
35,Infected,0.1864406779661017
35,Recovered_Immune,0.4322033898305085
35,Death,0.01694915254237288
35,Asymptomatic,0.9491525423728814
35,Hospitalization,0.01694915254237288
35,Severe,0.01694915254237288
36,Susceptible,0.3559322033898305
36,Infected,0.17796610169491525
36,Recovered_Immune,0.4406779661016949
36,Death,0.025423728813559324
36,Asymptomatic,0.9576271186440678
36,Hospitalization,0.00847457627118644
36,Severe,0.00847457627118644
37,Susceptible,0.3474576271186441
37,Infected,0.17796610169491525
37,Recovered_Immune,0.4491525423728814
37,Death,0.025423728813559324
37,Asymptomatic,0.9661016949152542
37,Hospitalization,0.00847457627118644
37,Severe,0.0
38,Susceptible,0.3474576271186441
38,Infected,0.1694915254237288
38,Recovered_Immune,0.4576271186440678
38,Death,0.025423728813559324
38,Asymptomatic,0.9576271186440678
38,Hospitalization,0.01694915254237288
38,Severe,0.0
39,Susceptible,0.3389830508474576
39,Infected,0.1694915254237288
39,Recovered_Immune,0.4661016949152542
39,Death,0.025423728813559324
39,Asymptomatic,0.9576271186440678
39,Hospitalization,0.01694915254237288
39,Severe,0.0
40,Susceptible,0.3389830508474576
40,Infected,0.16101694915254236
40,Recovered_Immune,0.4745762711864407
40,Death,0.025423728813559324
40,Asymptomatic,0.9576271186440678
40,Hospitalization,0.01694915254237288
40,Severe,0.0
41,Susceptible,0.3389830508474576
41,Infected,0.13559322033898305
41,Recovered_Immune,0.5
41,Death,0.025423728813559324
41,Asymptomatic,0.9661016949152542
41,Hospitalization,0.00847457627118644
41,Severe,0.0
42,Susceptible,0.3389830508474576
42,Infected,0.13559322033898305
42,Recovered_Immune,0.5
42,Death,0.025423728813559324
42,Asymptomatic,0.9661016949152542
42,Hospitalization,0.0
42,Severe,0.00847457627118644
43,Susceptible,0.3389830508474576
43,Infected,0.11864406779661017
43,Recovered_Immune,0.5169491525423728
43,Death,0.025423728813559324
43,Asymptomatic,0.9661016949152542
43,Hospitalization,0.0
43,Severe,0.00847457627118644
44,Susceptible,0.3305084745762712
44,Infected,0.1271186440677966
44,Recovered_Immune,0.5169491525423728
44,Death,0.025423728813559324
44,Asymptomatic,0.9661016949152542
44,Hospitalization,0.0
44,Severe,0.00847457627118644
45,Susceptible,0.3305084745762712
45,Infected,0.11864406779661017
45,Recovered_Immune,0.5254237288135594
45,Death,0.025423728813559324
45,Asymptomatic,0.9661016949152542
45,Hospitalization,0.0
45,Severe,0.00847457627118644
46,Susceptible,0.3220338983050847
46,Infected,0.11864406779661017
46,Recovered_Immune,0.5338983050847458
46,Death,0.025423728813559324
46,Asymptomatic,0.9661016949152542
46,Hospitalization,0.0
46,Severe,0.00847457627118644
47,Susceptible,0.3220338983050847
47,Infected,0.11864406779661017
47,Recovered_Immune,0.5338983050847458
47,Death,0.025423728813559324
47,Asymptomatic,0.9661016949152542
47,Hospitalization,0.0
47,Severe,0.00847457627118644
48,Susceptible,0.3220338983050847
48,Infected,0.11016949152542373
48,Recovered_Immune,0.5423728813559322
48,Death,0.025423728813559324
48,Asymptomatic,0.9661016949152542
48,Hospitalization,0.0
48,Severe,0.00847457627118644
49,Susceptible,0.3220338983050847
49,Infected,0.1016949152542373
49,Recovered_Immune,0.5508474576271186
49,Death,0.025423728813559324
49,Asymptomatic,0.9661016949152542
49,Hospitalization,0.0
49,Severe,0.00847457627118644
50,Susceptible,0.3220338983050847
50,Infected,0.09322033898305085
50,Recovered_Immune,0.559322033898305
50,Death,0.025423728813559324
50,Asymptomatic,0.9661016949152542
50,Hospitalization,0.0
50,Severe,0.00847457627118644
51,Susceptible,0.3220338983050847
51,Infected,0.09322033898305085
51,Recovered_Immune,0.559322033898305
51,Death,0.025423728813559324
51,Asymptomatic,0.9661016949152542
51,Hospitalization,0.0
51,Severe,0.00847457627118644
52,Susceptible,0.3220338983050847
52,Infected,0.0847457627118644
52,Recovered_Immune,0.5677966101694916
52,Death,0.025423728813559324
52,Asymptomatic,0.9661016949152542
52,Hospitalization,0.0
52,Severe,0.00847457627118644
53,Susceptible,0.3220338983050847
53,Infected,0.059322033898305086
53,Recovered_Immune,0.5932203389830508
53,Death,0.025423728813559324
53,Asymptomatic,0.9661016949152542
53,Hospitalization,0.0
53,Severe,0.00847457627118644
54,Susceptible,0.3220338983050847
54,Infected,0.059322033898305086
54,Recovered_Immune,0.5932203389830508
54,Death,0.025423728813559324
54,Asymptomatic,0.9661016949152542
54,Hospitalization,0.0
54,Severe,0.00847457627118644
55,Susceptible,0.3220338983050847
55,Infected,0.05084745762711865
55,Recovered_Immune,0.6016949152542372
55,Death,0.025423728813559324
55,Asymptomatic,0.9661016949152542
55,Hospitalization,0.0
55,Severe,0.00847457627118644
56,Susceptible,0.3220338983050847
56,Infected,0.0423728813559322
56,Recovered_Immune,0.6101694915254238
56,Death,0.025423728813559324
56,Asymptomatic,0.9661016949152542
56,Hospitalization,0.0
56,Severe,0.00847457627118644
57,Susceptible,0.3220338983050847
57,Infected,0.03389830508474576
57,Recovered_Immune,0.6186440677966102
57,Death,0.025423728813559324
57,Asymptomatic,0.9745762711864406
57,Hospitalization,0.0
57,Severe,0.0
58,Susceptible,0.3220338983050847
58,Infected,0.025423728813559324
58,Recovered_Immune,0.6271186440677966
58,Death,0.025423728813559324
58,Asymptomatic,0.9745762711864406
58,Hospitalization,0.0
58,Severe,0.0
59,Susceptible,0.3220338983050847
59,Infected,0.025423728813559324
59,Recovered_Immune,0.6271186440677966
59,Death,0.025423728813559324
59,Asymptomatic,0.9745762711864406
59,Hospitalization,0.0
59,Severe,0.0
60,Susceptible,0.3220338983050847
60,Infected,0.01694915254237288
60,Recovered_Immune,0.635593220338983
60,Death,0.025423728813559324
60,Asymptomatic,0.9745762711864406
60,Hospitalization,0.0
60,Severe,0.0
61,Susceptible,0.3220338983050847
61,Infected,0.01694915254237288
61,Recovered_Immune,0.635593220338983
61,Death,0.025423728813559324
61,Asymptomatic,0.9745762711864406
61,Hospitalization,0.0
61,Severe,0.0
62,Susceptible,0.3220338983050847
62,Infected,0.01694915254237288
62,Recovered_Immune,0.635593220338983
62,Death,0.025423728813559324
62,Asymptomatic,0.9745762711864406
62,Hospitalization,0.0
62,Severe,0.0
63,Susceptible,0.3220338983050847
63,Infected,0.01694915254237288
63,Recovered_Immune,0.635593220338983
63,Death,0.025423728813559324
63,Asymptomatic,0.9745762711864406
63,Hospitalization,0.0
63,Severe,0.0
64,Susceptible,0.3220338983050847
64,Infected,0.01694915254237288
64,Recovered_Immune,0.635593220338983
64,Death,0.025423728813559324
64,Asymptomatic,0.9745762711864406
64,Hospitalization,0.0
64,Severe,0.0
65,Susceptible,0.3220338983050847
65,Infected,0.00847457627118644
65,Recovered_Immune,0.6440677966101694
65,Death,0.025423728813559324
65,Asymptomatic,0.9745762711864406
65,Hospitalization,0.0
65,Severe,0.0
66,Susceptible,0.3220338983050847
66,Infected,0.00847457627118644
66,Recovered_Immune,0.6440677966101694
66,Death,0.025423728813559324
66,Asymptomatic,0.9745762711864406
66,Hospitalization,0.0
66,Severe,0.0
67,Susceptible,0.3220338983050847
67,Infected,0.0
67,Recovered_Immune,0.652542372881356
67,Death,0.025423728813559324
67,Asymptomatic,0.9745762711864406
67,Hospitalization,0.0
67,Severe,0.0
68,Susceptible,0.3220338983050847
68,Infected,0.0
68,Recovered_Immune,0.652542372881356
68,Death,0.025423728813559324
68,Asymptomatic,0.9745762711864406
68,Hospitalization,0.0
68,Severe,0.0
69,Susceptible,0.3220338983050847
69,Infected,0.0
69,Recovered_Immune,0.652542372881356
69,Death,0.025423728813559324
69,Asymptomatic,0.9745762711864406
69,Hospitalization,0.0
69,Severe,0.0
70,Susceptible,0.3220338983050847
70,Infected,0.0
70,Recovered_Immune,0.652542372881356
70,Death,0.025423728813559324
70,Asymptomatic,0.9745762711864406
70,Hospitalization,0.0
70,Severe,0.0
71,Susceptible,0.3220338983050847
71,Infected,0.0
71,Recovered_Immune,0.652542372881356
71,Death,0.025423728813559324
71,Asymptomatic,0.9745762711864406
71,Hospitalization,0.0
71,Severe,0.0
72,Susceptible,0.3220338983050847
72,Infected,0.0
72,Recovered_Immune,0.652542372881356
72,Death,0.025423728813559324
72,Asymptomatic,0.9745762711864406
72,Hospitalization,0.0
72,Severe,0.0
73,Susceptible,0.3220338983050847
73,Infected,0.0
73,Recovered_Immune,0.652542372881356
73,Death,0.025423728813559324
73,Asymptomatic,0.9745762711864406
73,Hospitalization,0.0
73,Severe,0.0
74,Susceptible,0.3220338983050847
74,Infected,0.0
74,Recovered_Immune,0.652542372881356
74,Death,0.025423728813559324
74,Asymptomatic,0.9745762711864406
74,Hospitalization,0.0
74,Severe,0.0
75,Susceptible,0.3220338983050847
75,Infected,0.0
75,Recovered_Immune,0.652542372881356
75,Death,0.025423728813559324
75,Asymptomatic,0.9745762711864406
75,Hospitalization,0.0
75,Severe,0.0
76,Susceptible,0.3220338983050847
76,Infected,0.0
76,Recovered_Immune,0.652542372881356
76,Death,0.025423728813559324
76,Asymptomatic,0.9745762711864406
76,Hospitalization,0.0
76,Severe,0.0
77,Susceptible,0.3220338983050847
77,Infected,0.0
77,Recovered_Immune,0.652542372881356
77,Death,0.025423728813559324
77,Asymptomatic,0.9745762711864406
77,Hospitalization,0.0
77,Severe,0.0
78,Susceptible,0.3220338983050847
78,Infected,0.0
78,Recovered_Immune,0.652542372881356
78,Death,0.025423728813559324
78,Asymptomatic,0.9745762711864406
78,Hospitalization,0.0
78,Severe,0.0
79,Susceptible,0.3220338983050847
79,Infected,0.0
79,Recovered_Immune,0.652542372881356
79,Death,0.025423728813559324
79,Asymptomatic,0.9745762711864406
79,Hospitalization,0.0
79,Severe,0.0
80,Susceptible,0.3220338983050847
80,Infected,0.0
80,Recovered_Immune,0.652542372881356
80,Death,0.025423728813559324
80,Asymptomatic,0.9745762711864406
80,Hospitalization,0.0
80,Severe,0.0
81,Susceptible,0.3220338983050847
81,Infected,0.0
81,Recovered_Immune,0.652542372881356
81,Death,0.025423728813559324
81,Asymptomatic,0.9745762711864406
81,Hospitalization,0.0
81,Severe,0.0
82,Susceptible,0.3220338983050847
82,Infected,0.0
82,Recovered_Immune,0.652542372881356
82,Death,0.025423728813559324
82,Asymptomatic,0.9745762711864406
82,Hospitalization,0.0
82,Severe,0.0
83,Susceptible,0.3220338983050847
83,Infected,0.0
83,Recovered_Immune,0.652542372881356
83,Death,0.025423728813559324
83,Asymptomatic,0.9745762711864406
83,Hospitalization,0.0
83,Severe,0.0
84,Susceptible,0.3220338983050847
84,Infected,0.0
84,Recovered_Immune,0.652542372881356
84,Death,0.025423728813559324
84,Asymptomatic,0.9745762711864406
84,Hospitalization,0.0
84,Severe,0.0
85,Susceptible,0.3220338983050847
85,Infected,0.0
85,Recovered_Immune,0.652542372881356
85,Death,0.025423728813559324
85,Asymptomatic,0.9745762711864406
85,Hospitalization,0.0
85,Severe,0.0
86,Susceptible,0.3220338983050847
86,Infected,0.0
86,Recovered_Immune,0.652542372881356
86,Death,0.025423728813559324
86,Asymptomatic,0.9745762711864406
86,Hospitalization,0.0
86,Severe,0.0
87,Susceptible,0.3220338983050847
87,Infected,0.0
87,Recovered_Immune,0.652542372881356
87,Death,0.025423728813559324
87,Asymptomatic,0.9745762711864406
87,Hospitalization,0.0
87,Severe,0.0
88,Susceptible,0.3220338983050847
88,Infected,0.0
88,Recovered_Immune,0.652542372881356
88,Death,0.025423728813559324
88,Asymptomatic,0.9745762711864406
88,Hospitalization,0.0
88,Severe,0.0
89,Susceptible,0.3220338983050847
89,Infected,0.0
89,Recovered_Immune,0.652542372881356
89,Death,0.025423728813559324
89,Asymptomatic,0.9745762711864406
89,Hospitalization,0.0
89,Severe,0.0
90,Susceptible,0.3220338983050847
90,Infected,0.0
90,Recovered_Immune,0.652542372881356
90,Death,0.025423728813559324
90,Asymptomatic,0.9745762711864406
90,Hospitalization,0.0
90,Severe,0.0
91,Susceptible,0.3220338983050847
91,Infected,0.0
91,Recovered_Immune,0.652542372881356
91,Death,0.025423728813559324
91,Asymptomatic,0.9745762711864406
91,Hospitalization,0.0
91,Severe,0.0
92,Susceptible,0.3220338983050847
92,Infected,0.0
92,Recovered_Immune,0.652542372881356
92,Death,0.025423728813559324
92,Asymptomatic,0.9745762711864406
92,Hospitalization,0.0
92,Severe,0.0
93,Susceptible,0.3220338983050847
93,Infected,0.0
93,Recovered_Immune,0.652542372881356
93,Death,0.025423728813559324
93,Asymptomatic,0.9745762711864406
93,Hospitalization,0.0
93,Severe,0.0
94,Susceptible,0.3220338983050847
94,Infected,0.0
94,Recovered_Immune,0.652542372881356
94,Death,0.025423728813559324
94,Asymptomatic,0.9745762711864406
94,Hospitalization,0.0
94,Severe,0.0
95,Susceptible,0.3220338983050847
95,Infected,0.0
95,Recovered_Immune,0.652542372881356
95,Death,0.025423728813559324
95,Asymptomatic,0.9745762711864406
95,Hospitalization,0.0
95,Severe,0.0
96,Susceptible,0.3220338983050847
96,Infected,0.0
96,Recovered_Immune,0.652542372881356
96,Death,0.025423728813559324
96,Asymptomatic,0.9745762711864406
96,Hospitalization,0.0
96,Severe,0.0
97,Susceptible,0.3220338983050847
97,Infected,0.0
97,Recovered_Immune,0.652542372881356
97,Death,0.025423728813559324
97,Asymptomatic,0.9745762711864406
97,Hospitalization,0.0
97,Severe,0.0
98,Susceptible,0.3220338983050847
98,Infected,0.0
98,Recovered_Immune,0.652542372881356
98,Death,0.025423728813559324
98,Asymptomatic,0.9745762711864406
98,Hospitalization,0.0
98,Severe,0.0
99,Susceptible,0.3220338983050847
99,Infected,0.0
99,Recovered_Immune,0.652542372881356
99,Death,0.025423728813559324
99,Asymptomatic,0.9745762711864406
99,Hospitalization,0.0
99,Severe,0.0
100,Susceptible,0.3220338983050847
100,Infected,0.0
100,Recovered_Immune,0.652542372881356
100,Death,0.025423728813559324
100,Asymptomatic,0.9745762711864406
100,Hospitalization,0.0
100,Severe,0.0
101,Susceptible,0.3220338983050847
101,Infected,0.0
101,Recovered_Immune,0.652542372881356
101,Death,0.025423728813559324
101,Asymptomatic,0.9745762711864406
101,Hospitalization,0.0
101,Severe,0.0
102,Susceptible,0.3220338983050847
102,Infected,0.0
102,Recovered_Immune,0.652542372881356
102,Death,0.025423728813559324
102,Asymptomatic,0.9745762711864406
102,Hospitalization,0.0
102,Severe,0.0
103,Susceptible,0.3220338983050847
103,Infected,0.0
103,Recovered_Immune,0.652542372881356
103,Death,0.025423728813559324
103,Asymptomatic,0.9745762711864406
103,Hospitalization,0.0
103,Severe,0.0
104,Susceptible,0.3220338983050847
104,Infected,0.0
104,Recovered_Immune,0.652542372881356
104,Death,0.025423728813559324
104,Asymptomatic,0.9745762711864406
104,Hospitalization,0.0
104,Severe,0.0
105,Susceptible,0.3220338983050847
105,Infected,0.0
105,Recovered_Immune,0.652542372881356
105,Death,0.025423728813559324
105,Asymptomatic,0.9745762711864406
105,Hospitalization,0.0
105,Severe,0.0
106,Susceptible,0.3220338983050847
106,Infected,0.0
106,Recovered_Immune,0.652542372881356
106,Death,0.025423728813559324
106,Asymptomatic,0.9745762711864406
106,Hospitalization,0.0
106,Severe,0.0
107,Susceptible,0.3220338983050847
107,Infected,0.0
107,Recovered_Immune,0.652542372881356
107,Death,0.025423728813559324
107,Asymptomatic,0.9745762711864406
107,Hospitalization,0.0
107,Severe,0.0
108,Susceptible,0.3220338983050847
108,Infected,0.0
108,Recovered_Immune,0.652542372881356
108,Death,0.025423728813559324
108,Asymptomatic,0.9745762711864406
108,Hospitalization,0.0
108,Severe,0.0
109,Susceptible,0.3220338983050847
109,Infected,0.0
109,Recovered_Immune,0.652542372881356
109,Death,0.025423728813559324
109,Asymptomatic,0.9745762711864406
109,Hospitalization,0.0
109,Severe,0.0
110,Susceptible,0.3220338983050847
110,Infected,0.0
110,Recovered_Immune,0.652542372881356
110,Death,0.025423728813559324
110,Asymptomatic,0.9745762711864406
110,Hospitalization,0.0
110,Severe,0.0
111,Susceptible,0.3220338983050847
111,Infected,0.0
111,Recovered_Immune,0.652542372881356
111,Death,0.025423728813559324
111,Asymptomatic,0.9745762711864406
111,Hospitalization,0.0
111,Severe,0.0
112,Susceptible,0.3220338983050847
112,Infected,0.0
112,Recovered_Immune,0.652542372881356
112,Death,0.025423728813559324
112,Asymptomatic,0.9745762711864406
112,Hospitalization,0.0
112,Severe,0.0
113,Susceptible,0.3220338983050847
113,Infected,0.0
113,Recovered_Immune,0.652542372881356
113,Death,0.025423728813559324
113,Asymptomatic,0.9745762711864406
113,Hospitalization,0.0
113,Severe,0.0
114,Susceptible,0.3220338983050847
114,Infected,0.0
114,Recovered_Immune,0.652542372881356
114,Death,0.025423728813559324
114,Asymptomatic,0.9745762711864406
114,Hospitalization,0.0
114,Severe,0.0
115,Susceptible,0.3220338983050847
115,Infected,0.0
115,Recovered_Immune,0.652542372881356
115,Death,0.025423728813559324
115,Asymptomatic,0.9745762711864406
115,Hospitalization,0.0
115,Severe,0.0
116,Susceptible,0.3220338983050847
116,Infected,0.0
116,Recovered_Immune,0.652542372881356
116,Death,0.025423728813559324
116,Asymptomatic,0.9745762711864406
116,Hospitalization,0.0
116,Severe,0.0
117,Susceptible,0.3220338983050847
117,Infected,0.0
117,Recovered_Immune,0.652542372881356
117,Death,0.025423728813559324
117,Asymptomatic,0.9745762711864406
117,Hospitalization,0.0
117,Severe,0.0
118,Susceptible,0.3220338983050847
118,Infected,0.0
118,Recovered_Immune,0.652542372881356
118,Death,0.025423728813559324
118,Asymptomatic,0.9745762711864406
118,Hospitalization,0.0
118,Severe,0.0
119,Susceptible,0.3220338983050847
119,Infected,0.0
119,Recovered_Immune,0.652542372881356
119,Death,0.025423728813559324
119,Asymptomatic,0.9745762711864406
119,Hospitalization,0.0
119,Severe,0.0
120,Susceptible,0.3220338983050847
120,Infected,0.0
120,Recovered_Immune,0.652542372881356
120,Death,0.025423728813559324
120,Asymptomatic,0.9745762711864406
120,Hospitalization,0.0
120,Severe,0.0
121,Susceptible,0.3220338983050847
121,Infected,0.0
121,Recovered_Immune,0.652542372881356
121,Death,0.025423728813559324
121,Asymptomatic,0.9745762711864406
121,Hospitalization,0.0
121,Severe,0.0
122,Susceptible,0.3220338983050847
122,Infected,0.0
122,Recovered_Immune,0.652542372881356
122,Death,0.025423728813559324
122,Asymptomatic,0.9745762711864406
122,Hospitalization,0.0
122,Severe,0.0
123,Susceptible,0.3220338983050847
123,Infected,0.0
123,Recovered_Immune,0.652542372881356
123,Death,0.025423728813559324
123,Asymptomatic,0.9745762711864406
123,Hospitalization,0.0
123,Severe,0.0
124,Susceptible,0.3220338983050847
124,Infected,0.0
124,Recovered_Immune,0.652542372881356
124,Death,0.025423728813559324
124,Asymptomatic,0.9745762711864406
124,Hospitalization,0.0
124,Severe,0.0
125,Susceptible,0.3220338983050847
125,Infected,0.0
125,Recovered_Immune,0.652542372881356
125,Death,0.025423728813559324
125,Asymptomatic,0.9745762711864406
125,Hospitalization,0.0
125,Severe,0.0
126,Susceptible,0.3220338983050847
126,Infected,0.0
126,Recovered_Immune,0.652542372881356
126,Death,0.025423728813559324
126,Asymptomatic,0.9745762711864406
126,Hospitalization,0.0
126,Severe,0.0
127,Susceptible,0.3220338983050847
127,Infected,0.0
127,Recovered_Immune,0.652542372881356
127,Death,0.025423728813559324
127,Asymptomatic,0.9745762711864406
127,Hospitalization,0.0
127,Severe,0.0
128,Susceptible,0.3220338983050847
128,Infected,0.0
128,Recovered_Immune,0.652542372881356
128,Death,0.025423728813559324
128,Asymptomatic,0.9745762711864406
128,Hospitalization,0.0
128,Severe,0.0
129,Susceptible,0.3220338983050847
129,Infected,0.0
129,Recovered_Immune,0.652542372881356
129,Death,0.025423728813559324
129,Asymptomatic,0.9745762711864406
129,Hospitalization,0.0
129,Severe,0.0
130,Susceptible,0.3220338983050847
130,Infected,0.0
130,Recovered_Immune,0.652542372881356
130,Death,0.025423728813559324
130,Asymptomatic,0.9745762711864406
130,Hospitalization,0.0
130,Severe,0.0
131,Susceptible,0.3220338983050847
131,Infected,0.0
131,Recovered_Immune,0.652542372881356
131,Death,0.025423728813559324
131,Asymptomatic,0.9745762711864406
131,Hospitalization,0.0
131,Severe,0.0
132,Susceptible,0.3220338983050847
132,Infected,0.0
132,Recovered_Immune,0.652542372881356
132,Death,0.025423728813559324
132,Asymptomatic,0.9745762711864406
132,Hospitalization,0.0
132,Severe,0.0
133,Susceptible,0.3220338983050847
133,Infected,0.0
133,Recovered_Immune,0.652542372881356
133,Death,0.025423728813559324
133,Asymptomatic,0.9745762711864406
133,Hospitalization,0.0
133,Severe,0.0
134,Susceptible,0.3220338983050847
134,Infected,0.0
134,Recovered_Immune,0.652542372881356
134,Death,0.025423728813559324
134,Asymptomatic,0.9745762711864406
134,Hospitalization,0.0
134,Severe,0.0
135,Susceptible,0.3220338983050847
135,Infected,0.0
135,Recovered_Immune,0.652542372881356
135,Death,0.025423728813559324
135,Asymptomatic,0.9745762711864406
135,Hospitalization,0.0
135,Severe,0.0
136,Susceptible,0.3220338983050847
136,Infected,0.0
136,Recovered_Immune,0.652542372881356
136,Death,0.025423728813559324
136,Asymptomatic,0.9745762711864406
136,Hospitalization,0.0
136,Severe,0.0
137,Susceptible,0.3220338983050847
137,Infected,0.0
137,Recovered_Immune,0.652542372881356
137,Death,0.025423728813559324
137,Asymptomatic,0.9745762711864406
137,Hospitalization,0.0
137,Severe,0.0
138,Susceptible,0.3220338983050847
138,Infected,0.0
138,Recovered_Immune,0.652542372881356
138,Death,0.025423728813559324
138,Asymptomatic,0.9745762711864406
138,Hospitalization,0.0
138,Severe,0.0
139,Susceptible,0.3220338983050847
139,Infected,0.0
139,Recovered_Immune,0.652542372881356
139,Death,0.025423728813559324
139,Asymptomatic,0.9745762711864406
139,Hospitalization,0.0
139,Severe,0.0
140,Susceptible,0.3220338983050847
140,Infected,0.0
140,Recovered_Immune,0.652542372881356
140,Death,0.025423728813559324
140,Asymptomatic,0.9745762711864406
140,Hospitalization,0.0
140,Severe,0.0
