Iteration,Metric,Avg
0,Susceptible,0.9576271186440678
0,Infected,0.00847457627118644
0,Recovered_Immune,0.03389830508474576
0,Death,0.0
0,Asymptomatic,1.0
0,Hospitalization,0.0
0,Severe,0.0
1,Susceptible,0.9576271186440678
1,Infected,0.00847457627118644
1,Recovered_Immune,0.03389830508474576
1,Death,0.0
1,Asymptomatic,1.0
1,Hospitalization,0.0
1,Severe,0.0
2,Susceptible,0.9576271186440678
2,Infected,0.00847457627118644
2,Recovered_Immune,0.03389830508474576
2,Death,0.0
2,Asymptomatic,1.0
2,Hospitalization,0.0
2,Severe,0.0
3,Susceptible,0.9576271186440678
3,Infected,0.00847457627118644
3,Recovered_Immune,0.03389830508474576
3,Death,0.0
3,Asymptomatic,1.0
3,Hospitalization,0.0
3,Severe,0.0
4,Susceptible,0.9491525423728814
4,Infected,0.01694915254237288
4,Recovered_Immune,0.03389830508474576
4,Death,0.0
4,Asymptomatic,1.0
4,Hospitalization,0.0
4,Severe,0.0
5,Susceptible,0.9152542372881356
5,Infected,0.05084745762711865
5,Recovered_Immune,0.03389830508474576
5,Death,0.0
5,Asymptomatic,1.0
5,Hospitalization,0.0
5,Severe,0.0
6,Susceptible,0.864406779661017
6,Infected,0.1016949152542373
6,Recovered_Immune,0.03389830508474576
6,Death,0.0
6,Asymptomatic,1.0
6,Hospitalization,0.0
6,Severe,0.0
7,Susceptible,0.8220338983050848
7,Infected,0.1440677966101695
7,Recovered_Immune,0.03389830508474576
7,Death,0.0
7,Asymptomatic,1.0
7,Hospitalization,0.0
7,Severe,0.0
8,Susceptible,0.7033898305084746
8,Infected,0.2627118644067797
8,Recovered_Immune,0.03389830508474576
8,Death,0.0
8,Asymptomatic,1.0
8,Hospitalization,0.0
8,Severe,0.0
9,Susceptible,0.6101694915254238
9,Infected,0.3559322033898305
9,Recovered_Immune,0.03389830508474576
9,Death,0.0
9,Asymptomatic,1.0
9,Hospitalization,0.0
9,Severe,0.0
10,Susceptible,0.4576271186440678
10,Infected,0.5084745762711864
10,Recovered_Immune,0.03389830508474576
10,Death,0.0
10,Asymptomatic,0.9915254237288136
10,Hospitalization,0.00847457627118644
10,Severe,0.0
11,Susceptible,0.4406779661016949
11,Infected,0.5254237288135594
11,Recovered_Immune,0.03389830508474576
11,Death,0.0
11,Asymptomatic,0.9830508474576272
11,Hospitalization,0.01694915254237288
11,Severe,0.0
12,Susceptible,0.3983050847457627
12,Infected,0.5677966101694916
12,Recovered_Immune,0.03389830508474576
12,Death,0.0
12,Asymptomatic,0.9830508474576272
12,Hospitalization,0.01694915254237288
12,Severe,0.0
13,Susceptible,0.3983050847457627
13,Infected,0.5677966101694916
13,Recovered_Immune,0.03389830508474576
13,Death,0.0
13,Asymptomatic,0.9830508474576272
13,Hospitalization,0.01694915254237288
13,Severe,0.0
14,Susceptible,0.3983050847457627
14,Infected,0.5677966101694916
14,Recovered_Immune,0.03389830508474576
14,Death,0.0
14,Asymptomatic,0.9661016949152542
14,Hospitalization,0.03389830508474576
14,Severe,0.0
15,Susceptible,0.3983050847457627
15,Infected,0.5677966101694916
15,Recovered_Immune,0.03389830508474576
15,Death,0.0
15,Asymptomatic,0.9491525423728814
15,Hospitalization,0.05084745762711865
15,Severe,0.0
16,Susceptible,0.3644067796610169
16,Infected,0.5932203389830508
16,Recovered_Immune,0.03389830508474576
16,Death,0.00847457627118644
16,Asymptomatic,0.940677966101695
16,Hospitalization,0.05084745762711865
16,Severe,0.0
17,Susceptible,0.3559322033898305
17,Infected,0.5932203389830508
17,Recovered_Immune,0.03389830508474576
17,Death,0.01694915254237288
17,Asymptomatic,0.9322033898305084
17,Hospitalization,0.05084745762711865
17,Severe,0.0
18,Susceptible,0.3389830508474576
18,Infected,0.6101694915254238
18,Recovered_Immune,0.03389830508474576
18,Death,0.01694915254237288
18,Asymptomatic,0.9322033898305084
18,Hospitalization,0.05084745762711865
18,Severe,0.0
19,Susceptible,0.3220338983050847
19,Infected,0.6186440677966102
19,Recovered_Immune,0.03389830508474576
19,Death,0.025423728813559324
19,Asymptomatic,0.9152542372881356
19,Hospitalization,0.059322033898305086
19,Severe,0.0
20,Susceptible,0.2966101694915254
20,Infected,0.635593220338983
20,Recovered_Immune,0.0423728813559322
20,Death,0.025423728813559324
20,Asymptomatic,0.923728813559322
20,Hospitalization,0.05084745762711865
20,Severe,0.0
21,Susceptible,0.2796610169491525
21,Infected,0.652542372881356
21,Recovered_Immune,0.0423728813559322
21,Death,0.025423728813559324
21,Asymptomatic,0.923728813559322
21,Hospitalization,0.05084745762711865
21,Severe,0.0
22,Susceptible,0.2796610169491525
22,Infected,0.6440677966101694
22,Recovered_Immune,0.0423728813559322
22,Death,0.03389830508474576
22,Asymptomatic,0.9152542372881356
22,Hospitalization,0.05084745762711865
22,Severe,0.0
23,Susceptible,0.2711864406779661
23,Infected,0.652542372881356
23,Recovered_Immune,0.0423728813559322
23,Death,0.03389830508474576
23,Asymptomatic,0.9152542372881356
23,Hospitalization,0.05084745762711865
23,Severe,0.0
24,Susceptible,0.2711864406779661
24,Infected,0.6440677966101694
24,Recovered_Immune,0.0423728813559322
24,Death,0.0423728813559322
24,Asymptomatic,0.8983050847457628
24,Hospitalization,0.059322033898305086
24,Severe,0.0
25,Susceptible,0.2457627118644068
25,Infected,0.652542372881356
25,Recovered_Immune,0.05084745762711865
25,Death,0.05084745762711865
25,Asymptomatic,0.8728813559322034
25,Hospitalization,0.07627118644067797
25,Severe,0.0
26,Susceptible,0.23728813559322035
26,Infected,0.6440677966101694
26,Recovered_Immune,0.06779661016949153
26,Death,0.05084745762711865
26,Asymptomatic,0.8728813559322034
26,Hospitalization,0.07627118644067797
26,Severe,0.0
27,Susceptible,0.23728813559322035
27,Infected,0.5932203389830508
27,Recovered_Immune,0.11864406779661017
27,Death,0.05084745762711865
27,Asymptomatic,0.8813559322033898
27,Hospitalization,0.06779661016949153
27,Severe,0.0
28,Susceptible,0.2288135593220339
28,Infected,0.5508474576271186
28,Recovered_Immune,0.16101694915254236
28,Death,0.059322033898305086
28,Asymptomatic,0.8813559322033898
28,Hospitalization,0.059322033898305086
28,Severe,0.0
29,Susceptible,0.211864406779661
29,Infected,0.4661016949152542
29,Recovered_Immune,0.2627118644067797
29,Death,0.059322033898305086
29,Asymptomatic,0.8813559322033898
29,Hospitalization,0.059322033898305086
29,Severe,0.0
30,Susceptible,0.211864406779661
30,Infected,0.3898305084745763
30,Recovered_Immune,0.3389830508474576
30,Death,0.059322033898305086
30,Asymptomatic,0.8813559322033898
30,Hospitalization,0.059322033898305086
30,Severe,0.0
31,Susceptible,0.211864406779661
31,Infected,0.2288135593220339
31,Recovered_Immune,0.4915254237288136
31,Death,0.06779661016949153
31,Asymptomatic,0.8898305084745762
31,Hospitalization,0.0423728813559322
31,Severe,0.0
32,Susceptible,0.211864406779661
32,Infected,0.211864406779661
32,Recovered_Immune,0.5084745762711864
32,Death,0.06779661016949153
32,Asymptomatic,0.8983050847457628
32,Hospitalization,0.03389830508474576
32,Severe,0.0
33,Susceptible,0.211864406779661
33,Infected,0.1694915254237288
33,Recovered_Immune,0.5508474576271186
33,Death,0.06779661016949153
33,Asymptomatic,0.9152542372881356
33,Hospitalization,0.01694915254237288
33,Severe,0.0
34,Susceptible,0.2033898305084746
34,Infected,0.17796610169491525
34,Recovered_Immune,0.5508474576271186
34,Death,0.06779661016949153
34,Asymptomatic,0.9152542372881356
34,Hospitalization,0.01694915254237288
34,Severe,0.0
35,Susceptible,0.2033898305084746
35,Infected,0.17796610169491525
35,Recovered_Immune,0.5508474576271186
35,Death,0.06779661016949153
35,Asymptomatic,0.9152542372881356
35,Hospitalization,0.01694915254237288
35,Severe,0.0
36,Susceptible,0.2033898305084746
36,Infected,0.17796610169491525
36,Recovered_Immune,0.5508474576271186
36,Death,0.06779661016949153
36,Asymptomatic,0.9152542372881356
36,Hospitalization,0.01694915254237288
36,Severe,0.0
37,Susceptible,0.2033898305084746
37,Infected,0.16101694915254236
37,Recovered_Immune,0.5677966101694916
37,Death,0.06779661016949153
37,Asymptomatic,0.9152542372881356
37,Hospitalization,0.00847457627118644
37,Severe,0.00847457627118644
38,Susceptible,0.2033898305084746
38,Infected,0.15254237288135594
38,Recovered_Immune,0.576271186440678
38,Death,0.06779661016949153
38,Asymptomatic,0.9152542372881356
38,Hospitalization,0.00847457627118644
38,Severe,0.00847457627118644
39,Susceptible,0.2033898305084746
39,Infected,0.13559322033898305
39,Recovered_Immune,0.5932203389830508
39,Death,0.06779661016949153
39,Asymptomatic,0.923728813559322
39,Hospitalization,0.00847457627118644
39,Severe,0.0
40,Susceptible,0.2033898305084746
40,Infected,0.11864406779661017
40,Recovered_Immune,0.6101694915254238
40,Death,0.06779661016949153
40,Asymptomatic,0.923728813559322
40,Hospitalization,0.00847457627118644
40,Severe,0.0
41,Susceptible,0.19491525423728814
41,Infected,0.1016949152542373
41,Recovered_Immune,0.635593220338983
41,Death,0.06779661016949153
41,Asymptomatic,0.923728813559322
41,Hospitalization,0.00847457627118644
41,Severe,0.0
42,Susceptible,0.19491525423728814
42,Infected,0.0847457627118644
42,Recovered_Immune,0.652542372881356
42,Death,0.06779661016949153
42,Asymptomatic,0.923728813559322
42,Hospitalization,0.00847457627118644
42,Severe,0.0
43,Susceptible,0.19491525423728814
43,Infected,0.0847457627118644
43,Recovered_Immune,0.652542372881356
43,Death,0.06779661016949153
43,Asymptomatic,0.923728813559322
43,Hospitalization,0.00847457627118644
43,Severe,0.0
44,Susceptible,0.19491525423728814
44,Infected,0.07627118644067797
44,Recovered_Immune,0.6610169491525424
44,Death,0.06779661016949153
44,Asymptomatic,0.9322033898305084
44,Hospitalization,0.0
44,Severe,0.0
45,Susceptible,0.19491525423728814
45,Infected,0.07627118644067797
45,Recovered_Immune,0.6610169491525424
45,Death,0.06779661016949153
45,Asymptomatic,0.9322033898305084
45,Hospitalization,0.0
45,Severe,0.0
46,Susceptible,0.19491525423728814
46,Infected,0.05084745762711865
46,Recovered_Immune,0.6864406779661016
46,Death,0.06779661016949153
46,Asymptomatic,0.9322033898305084
46,Hospitalization,0.0
46,Severe,0.0
47,Susceptible,0.19491525423728814
47,Infected,0.0423728813559322
47,Recovered_Immune,0.6949152542372882
47,Death,0.06779661016949153
47,Asymptomatic,0.9322033898305084
47,Hospitalization,0.0
47,Severe,0.0
48,Susceptible,0.19491525423728814
48,Infected,0.0423728813559322
48,Recovered_Immune,0.6949152542372882
48,Death,0.06779661016949153
48,Asymptomatic,0.9322033898305084
48,Hospitalization,0.0
48,Severe,0.0
49,Susceptible,0.19491525423728814
49,Infected,0.03389830508474576
49,Recovered_Immune,0.7033898305084746
49,Death,0.06779661016949153
49,Asymptomatic,0.9322033898305084
49,Hospitalization,0.0
49,Severe,0.0
50,Susceptible,0.19491525423728814
50,Infected,0.01694915254237288
50,Recovered_Immune,0.7203389830508474
50,Death,0.06779661016949153
50,Asymptomatic,0.9322033898305084
50,Hospitalization,0.0
50,Severe,0.0
51,Susceptible,0.19491525423728814
51,Infected,0.01694915254237288
51,Recovered_Immune,0.7203389830508474
51,Death,0.06779661016949153
51,Asymptomatic,0.9322033898305084
51,Hospitalization,0.0
51,Severe,0.0
52,Susceptible,0.19491525423728814
52,Infected,0.01694915254237288
52,Recovered_Immune,0.7203389830508474
52,Death,0.06779661016949153
52,Asymptomatic,0.9322033898305084
52,Hospitalization,0.0
52,Severe,0.0
53,Susceptible,0.19491525423728814
53,Infected,0.01694915254237288
53,Recovered_Immune,0.7203389830508474
53,Death,0.06779661016949153
53,Asymptomatic,0.9322033898305084
53,Hospitalization,0.0
53,Severe,0.0
54,Susceptible,0.19491525423728814
54,Infected,0.01694915254237288
54,Recovered_Immune,0.7203389830508474
54,Death,0.06779661016949153
54,Asymptomatic,0.9322033898305084
54,Hospitalization,0.0
54,Severe,0.0
55,Susceptible,0.19491525423728814
55,Infected,0.00847457627118644
55,Recovered_Immune,0.7288135593220338
55,Death,0.06779661016949153
55,Asymptomatic,0.9322033898305084
55,Hospitalization,0.0
55,Severe,0.0
56,Susceptible,0.19491525423728814
56,Infected,0.00847457627118644
56,Recovered_Immune,0.7288135593220338
56,Death,0.06779661016949153
56,Asymptomatic,0.9322033898305084
56,Hospitalization,0.0
56,Severe,0.0
57,Susceptible,0.19491525423728814
57,Infected,0.00847457627118644
57,Recovered_Immune,0.7288135593220338
57,Death,0.06779661016949153
57,Asymptomatic,0.9322033898305084
57,Hospitalization,0.0
57,Severe,0.0
58,Susceptible,0.19491525423728814
58,Infected,0.00847457627118644
58,Recovered_Immune,0.7288135593220338
58,Death,0.06779661016949153
58,Asymptomatic,0.9322033898305084
58,Hospitalization,0.0
58,Severe,0.0
59,Susceptible,0.19491525423728814
59,Infected,0.00847457627118644
59,Recovered_Immune,0.7288135593220338
59,Death,0.06779661016949153
59,Asymptomatic,0.9322033898305084
59,Hospitalization,0.0
59,Severe,0.0
60,Susceptible,0.19491525423728814
60,Infected,0.00847457627118644
60,Recovered_Immune,0.7288135593220338
60,Death,0.06779661016949153
60,Asymptomatic,0.9322033898305084
60,Hospitalization,0.0
60,Severe,0.0
61,Susceptible,0.19491525423728814
61,Infected,0.00847457627118644
61,Recovered_Immune,0.7288135593220338
61,Death,0.06779661016949153
61,Asymptomatic,0.9322033898305084
61,Hospitalization,0.0
61,Severe,0.0
62,Susceptible,0.19491525423728814
62,Infected,0.0
62,Recovered_Immune,0.7372881355932204
62,Death,0.06779661016949153
62,Asymptomatic,0.9322033898305084
62,Hospitalization,0.0
62,Severe,0.0
63,Susceptible,0.19491525423728814
63,Infected,0.0
63,Recovered_Immune,0.7372881355932204
63,Death,0.06779661016949153
63,Asymptomatic,0.9322033898305084
63,Hospitalization,0.0
63,Severe,0.0
64,Susceptible,0.19491525423728814
64,Infected,0.0
64,Recovered_Immune,0.7372881355932204
64,Death,0.06779661016949153
64,Asymptomatic,0.9322033898305084
64,Hospitalization,0.0
64,Severe,0.0
65,Susceptible,0.19491525423728814
65,Infected,0.0
65,Recovered_Immune,0.7372881355932204
65,Death,0.06779661016949153
65,Asymptomatic,0.9322033898305084
65,Hospitalization,0.0
65,Severe,0.0
66,Susceptible,0.19491525423728814
66,Infected,0.0
66,Recovered_Immune,0.7372881355932204
66,Death,0.06779661016949153
66,Asymptomatic,0.9322033898305084
66,Hospitalization,0.0
66,Severe,0.0
67,Susceptible,0.19491525423728814
67,Infected,0.0
67,Recovered_Immune,0.7372881355932204
67,Death,0.06779661016949153
67,Asymptomatic,0.9322033898305084
67,Hospitalization,0.0
67,Severe,0.0
68,Susceptible,0.19491525423728814
68,Infected,0.0
68,Recovered_Immune,0.7372881355932204
68,Death,0.06779661016949153
68,Asymptomatic,0.9322033898305084
68,Hospitalization,0.0
68,Severe,0.0
69,Susceptible,0.19491525423728814
69,Infected,0.0
69,Recovered_Immune,0.7372881355932204
69,Death,0.06779661016949153
69,Asymptomatic,0.9322033898305084
69,Hospitalization,0.0
69,Severe,0.0
70,Susceptible,0.19491525423728814
70,Infected,0.0
70,Recovered_Immune,0.7372881355932204
70,Death,0.06779661016949153
70,Asymptomatic,0.9322033898305084
70,Hospitalization,0.0
70,Severe,0.0
71,Susceptible,0.19491525423728814
71,Infected,0.0
71,Recovered_Immune,0.7372881355932204
71,Death,0.06779661016949153
71,Asymptomatic,0.9322033898305084
71,Hospitalization,0.0
71,Severe,0.0
72,Susceptible,0.19491525423728814
72,Infected,0.0
72,Recovered_Immune,0.7372881355932204
72,Death,0.06779661016949153
72,Asymptomatic,0.9322033898305084
72,Hospitalization,0.0
72,Severe,0.0
73,Susceptible,0.19491525423728814
73,Infected,0.0
73,Recovered_Immune,0.7372881355932204
73,Death,0.06779661016949153
73,Asymptomatic,0.9322033898305084
73,Hospitalization,0.0
73,Severe,0.0
74,Susceptible,0.19491525423728814
74,Infected,0.0
74,Recovered_Immune,0.7372881355932204
74,Death,0.06779661016949153
74,Asymptomatic,0.9322033898305084
74,Hospitalization,0.0
74,Severe,0.0
75,Susceptible,0.19491525423728814
75,Infected,0.0
75,Recovered_Immune,0.7372881355932204
75,Death,0.06779661016949153
75,Asymptomatic,0.9322033898305084
75,Hospitalization,0.0
75,Severe,0.0
76,Susceptible,0.19491525423728814
76,Infected,0.0
76,Recovered_Immune,0.7372881355932204
76,Death,0.06779661016949153
76,Asymptomatic,0.9322033898305084
76,Hospitalization,0.0
76,Severe,0.0
77,Susceptible,0.19491525423728814
77,Infected,0.0
77,Recovered_Immune,0.7372881355932204
77,Death,0.06779661016949153
77,Asymptomatic,0.9322033898305084
77,Hospitalization,0.0
77,Severe,0.0
78,Susceptible,0.19491525423728814
78,Infected,0.0
78,Recovered_Immune,0.7372881355932204
78,Death,0.06779661016949153
78,Asymptomatic,0.9322033898305084
78,Hospitalization,0.0
78,Severe,0.0
79,Susceptible,0.19491525423728814
79,Infected,0.0
79,Recovered_Immune,0.7372881355932204
79,Death,0.06779661016949153
79,Asymptomatic,0.9322033898305084
79,Hospitalization,0.0
79,Severe,0.0
80,Susceptible,0.19491525423728814
80,Infected,0.0
80,Recovered_Immune,0.7372881355932204
80,Death,0.06779661016949153
80,Asymptomatic,0.9322033898305084
80,Hospitalization,0.0
80,Severe,0.0
81,Susceptible,0.19491525423728814
81,Infected,0.0
81,Recovered_Immune,0.7372881355932204
81,Death,0.06779661016949153
81,Asymptomatic,0.9322033898305084
81,Hospitalization,0.0
81,Severe,0.0
82,Susceptible,0.19491525423728814
82,Infected,0.0
82,Recovered_Immune,0.7372881355932204
82,Death,0.06779661016949153
82,Asymptomatic,0.9322033898305084
82,Hospitalization,0.0
82,Severe,0.0
83,Susceptible,0.19491525423728814
83,Infected,0.0
83,Recovered_Immune,0.7372881355932204
83,Death,0.06779661016949153
83,Asymptomatic,0.9322033898305084
83,Hospitalization,0.0
83,Severe,0.0
84,Susceptible,0.19491525423728814
84,Infected,0.0
84,Recovered_Immune,0.7372881355932204
84,Death,0.06779661016949153
84,Asymptomatic,0.9322033898305084
84,Hospitalization,0.0
84,Severe,0.0
85,Susceptible,0.19491525423728814
85,Infected,0.0
85,Recovered_Immune,0.7372881355932204
85,Death,0.06779661016949153
85,Asymptomatic,0.9322033898305084
85,Hospitalization,0.0
85,Severe,0.0
86,Susceptible,0.19491525423728814
86,Infected,0.0
86,Recovered_Immune,0.7372881355932204
86,Death,0.06779661016949153
86,Asymptomatic,0.9322033898305084
86,Hospitalization,0.0
86,Severe,0.0
87,Susceptible,0.19491525423728814
87,Infected,0.0
87,Recovered_Immune,0.7372881355932204
87,Death,0.06779661016949153
87,Asymptomatic,0.9322033898305084
87,Hospitalization,0.0
87,Severe,0.0
88,Susceptible,0.19491525423728814
88,Infected,0.0
88,Recovered_Immune,0.7372881355932204
88,Death,0.06779661016949153
88,Asymptomatic,0.9322033898305084
88,Hospitalization,0.0
88,Severe,0.0
89,Susceptible,0.19491525423728814
89,Infected,0.0
89,Recovered_Immune,0.7372881355932204
89,Death,0.06779661016949153
89,Asymptomatic,0.9322033898305084
89,Hospitalization,0.0
89,Severe,0.0
90,Susceptible,0.19491525423728814
90,Infected,0.0
90,Recovered_Immune,0.7372881355932204
90,Death,0.06779661016949153
90,Asymptomatic,0.9322033898305084
90,Hospitalization,0.0
90,Severe,0.0
91,Susceptible,0.19491525423728814
91,Infected,0.0
91,Recovered_Immune,0.7372881355932204
91,Death,0.06779661016949153
91,Asymptomatic,0.9322033898305084
91,Hospitalization,0.0
91,Severe,0.0
92,Susceptible,0.19491525423728814
92,Infected,0.0
92,Recovered_Immune,0.7372881355932204
92,Death,0.06779661016949153
92,Asymptomatic,0.9322033898305084
92,Hospitalization,0.0
92,Severe,0.0
93,Susceptible,0.19491525423728814
93,Infected,0.0
93,Recovered_Immune,0.7372881355932204
93,Death,0.06779661016949153
93,Asymptomatic,0.9322033898305084
93,Hospitalization,0.0
93,Severe,0.0
94,Susceptible,0.19491525423728814
94,Infected,0.0
94,Recovered_Immune,0.7372881355932204
94,Death,0.06779661016949153
94,Asymptomatic,0.9322033898305084
94,Hospitalization,0.0
94,Severe,0.0
95,Susceptible,0.19491525423728814
95,Infected,0.0
95,Recovered_Immune,0.7372881355932204
95,Death,0.06779661016949153
95,Asymptomatic,0.9322033898305084
95,Hospitalization,0.0
95,Severe,0.0
96,Susceptible,0.19491525423728814
96,Infected,0.0
96,Recovered_Immune,0.7372881355932204
96,Death,0.06779661016949153
96,Asymptomatic,0.9322033898305084
96,Hospitalization,0.0
96,Severe,0.0
97,Susceptible,0.19491525423728814
97,Infected,0.0
97,Recovered_Immune,0.7372881355932204
97,Death,0.06779661016949153
97,Asymptomatic,0.9322033898305084
97,Hospitalization,0.0
97,Severe,0.0
98,Susceptible,0.19491525423728814
98,Infected,0.0
98,Recovered_Immune,0.7372881355932204
98,Death,0.06779661016949153
98,Asymptomatic,0.9322033898305084
98,Hospitalization,0.0
98,Severe,0.0
99,Susceptible,0.19491525423728814
99,Infected,0.0
99,Recovered_Immune,0.7372881355932204
99,Death,0.06779661016949153
99,Asymptomatic,0.9322033898305084
99,Hospitalization,0.0
99,Severe,0.0
100,Susceptible,0.19491525423728814
100,Infected,0.0
100,Recovered_Immune,0.7372881355932204
100,Death,0.06779661016949153
100,Asymptomatic,0.9322033898305084
100,Hospitalization,0.0
100,Severe,0.0
101,Susceptible,0.19491525423728814
101,Infected,0.0
101,Recovered_Immune,0.7372881355932204
101,Death,0.06779661016949153
101,Asymptomatic,0.9322033898305084
101,Hospitalization,0.0
101,Severe,0.0
102,Susceptible,0.19491525423728814
102,Infected,0.0
102,Recovered_Immune,0.7372881355932204
102,Death,0.06779661016949153
102,Asymptomatic,0.9322033898305084
102,Hospitalization,0.0
102,Severe,0.0
103,Susceptible,0.19491525423728814
103,Infected,0.0
103,Recovered_Immune,0.7372881355932204
103,Death,0.06779661016949153
103,Asymptomatic,0.9322033898305084
103,Hospitalization,0.0
103,Severe,0.0
104,Susceptible,0.19491525423728814
104,Infected,0.0
104,Recovered_Immune,0.7372881355932204
104,Death,0.06779661016949153
104,Asymptomatic,0.9322033898305084
104,Hospitalization,0.0
104,Severe,0.0
105,Susceptible,0.19491525423728814
105,Infected,0.0
105,Recovered_Immune,0.7372881355932204
105,Death,0.06779661016949153
105,Asymptomatic,0.9322033898305084
105,Hospitalization,0.0
105,Severe,0.0
106,Susceptible,0.19491525423728814
106,Infected,0.0
106,Recovered_Immune,0.7372881355932204
106,Death,0.06779661016949153
106,Asymptomatic,0.9322033898305084
106,Hospitalization,0.0
106,Severe,0.0
107,Susceptible,0.19491525423728814
107,Infected,0.0
107,Recovered_Immune,0.7372881355932204
107,Death,0.06779661016949153
107,Asymptomatic,0.9322033898305084
107,Hospitalization,0.0
107,Severe,0.0
108,Susceptible,0.19491525423728814
108,Infected,0.0
108,Recovered_Immune,0.7372881355932204
108,Death,0.06779661016949153
108,Asymptomatic,0.9322033898305084
108,Hospitalization,0.0
108,Severe,0.0
109,Susceptible,0.19491525423728814
109,Infected,0.0
109,Recovered_Immune,0.7372881355932204
109,Death,0.06779661016949153
109,Asymptomatic,0.9322033898305084
109,Hospitalization,0.0
109,Severe,0.0
110,Susceptible,0.19491525423728814
110,Infected,0.0
110,Recovered_Immune,0.7372881355932204
110,Death,0.06779661016949153
110,Asymptomatic,0.9322033898305084
110,Hospitalization,0.0
110,Severe,0.0
111,Susceptible,0.19491525423728814
111,Infected,0.0
111,Recovered_Immune,0.7372881355932204
111,Death,0.06779661016949153
111,Asymptomatic,0.9322033898305084
111,Hospitalization,0.0
111,Severe,0.0
112,Susceptible,0.19491525423728814
112,Infected,0.0
112,Recovered_Immune,0.7372881355932204
112,Death,0.06779661016949153
112,Asymptomatic,0.9322033898305084
112,Hospitalization,0.0
112,Severe,0.0
113,Susceptible,0.19491525423728814
113,Infected,0.0
113,Recovered_Immune,0.7372881355932204
113,Death,0.06779661016949153
113,Asymptomatic,0.9322033898305084
113,Hospitalization,0.0
113,Severe,0.0
114,Susceptible,0.19491525423728814
114,Infected,0.0
114,Recovered_Immune,0.7372881355932204
114,Death,0.06779661016949153
114,Asymptomatic,0.9322033898305084
114,Hospitalization,0.0
114,Severe,0.0
115,Susceptible,0.19491525423728814
115,Infected,0.0
115,Recovered_Immune,0.7372881355932204
115,Death,0.06779661016949153
115,Asymptomatic,0.9322033898305084
115,Hospitalization,0.0
115,Severe,0.0
116,Susceptible,0.19491525423728814
116,Infected,0.0
116,Recovered_Immune,0.7372881355932204
116,Death,0.06779661016949153
116,Asymptomatic,0.9322033898305084
116,Hospitalization,0.0
116,Severe,0.0
117,Susceptible,0.19491525423728814
117,Infected,0.0
117,Recovered_Immune,0.7372881355932204
117,Death,0.06779661016949153
117,Asymptomatic,0.9322033898305084
117,Hospitalization,0.0
117,Severe,0.0
118,Susceptible,0.19491525423728814
118,Infected,0.0
118,Recovered_Immune,0.7372881355932204
118,Death,0.06779661016949153
118,Asymptomatic,0.9322033898305084
118,Hospitalization,0.0
118,Severe,0.0
119,Susceptible,0.19491525423728814
119,Infected,0.0
119,Recovered_Immune,0.7372881355932204
119,Death,0.06779661016949153
119,Asymptomatic,0.9322033898305084
119,Hospitalization,0.0
119,Severe,0.0
120,Susceptible,0.19491525423728814
120,Infected,0.0
120,Recovered_Immune,0.7372881355932204
120,Death,0.06779661016949153
120,Asymptomatic,0.9322033898305084
120,Hospitalization,0.0
120,Severe,0.0
121,Susceptible,0.19491525423728814
121,Infected,0.0
121,Recovered_Immune,0.7372881355932204
121,Death,0.06779661016949153
121,Asymptomatic,0.9322033898305084
121,Hospitalization,0.0
121,Severe,0.0
122,Susceptible,0.19491525423728814
122,Infected,0.0
122,Recovered_Immune,0.7372881355932204
122,Death,0.06779661016949153
122,Asymptomatic,0.9322033898305084
122,Hospitalization,0.0
122,Severe,0.0
123,Susceptible,0.19491525423728814
123,Infected,0.0
123,Recovered_Immune,0.7372881355932204
123,Death,0.06779661016949153
123,Asymptomatic,0.9322033898305084
123,Hospitalization,0.0
123,Severe,0.0
124,Susceptible,0.19491525423728814
124,Infected,0.0
124,Recovered_Immune,0.7372881355932204
124,Death,0.06779661016949153
124,Asymptomatic,0.9322033898305084
124,Hospitalization,0.0
124,Severe,0.0
125,Susceptible,0.19491525423728814
125,Infected,0.0
125,Recovered_Immune,0.7372881355932204
125,Death,0.06779661016949153
125,Asymptomatic,0.9322033898305084
125,Hospitalization,0.0
125,Severe,0.0
126,Susceptible,0.19491525423728814
126,Infected,0.0
126,Recovered_Immune,0.7372881355932204
126,Death,0.06779661016949153
126,Asymptomatic,0.9322033898305084
126,Hospitalization,0.0
126,Severe,0.0
127,Susceptible,0.19491525423728814
127,Infected,0.0
127,Recovered_Immune,0.7372881355932204
127,Death,0.06779661016949153
127,Asymptomatic,0.9322033898305084
127,Hospitalization,0.0
127,Severe,0.0
128,Susceptible,0.19491525423728814
128,Infected,0.0
128,Recovered_Immune,0.7372881355932204
128,Death,0.06779661016949153
128,Asymptomatic,0.9322033898305084
128,Hospitalization,0.0
128,Severe,0.0
129,Susceptible,0.19491525423728814
129,Infected,0.0
129,Recovered_Immune,0.7372881355932204
129,Death,0.06779661016949153
129,Asymptomatic,0.9322033898305084
129,Hospitalization,0.0
129,Severe,0.0
130,Susceptible,0.19491525423728814
130,Infected,0.0
130,Recovered_Immune,0.7372881355932204
130,Death,0.06779661016949153
130,Asymptomatic,0.9322033898305084
130,Hospitalization,0.0
130,Severe,0.0
131,Susceptible,0.19491525423728814
131,Infected,0.0
131,Recovered_Immune,0.7372881355932204
131,Death,0.06779661016949153
131,Asymptomatic,0.9322033898305084
131,Hospitalization,0.0
131,Severe,0.0
132,Susceptible,0.19491525423728814
132,Infected,0.0
132,Recovered_Immune,0.7372881355932204
132,Death,0.06779661016949153
132,Asymptomatic,0.9322033898305084
132,Hospitalization,0.0
132,Severe,0.0
133,Susceptible,0.19491525423728814
133,Infected,0.0
133,Recovered_Immune,0.7372881355932204
133,Death,0.06779661016949153
133,Asymptomatic,0.9322033898305084
133,Hospitalization,0.0
133,Severe,0.0
134,Susceptible,0.19491525423728814
134,Infected,0.0
134,Recovered_Immune,0.7372881355932204
134,Death,0.06779661016949153
134,Asymptomatic,0.9322033898305084
134,Hospitalization,0.0
134,Severe,0.0
135,Susceptible,0.19491525423728814
135,Infected,0.0
135,Recovered_Immune,0.7372881355932204
135,Death,0.06779661016949153
135,Asymptomatic,0.9322033898305084
135,Hospitalization,0.0
135,Severe,0.0
136,Susceptible,0.19491525423728814
136,Infected,0.0
136,Recovered_Immune,0.7372881355932204
136,Death,0.06779661016949153
136,Asymptomatic,0.9322033898305084
136,Hospitalization,0.0
136,Severe,0.0
137,Susceptible,0.19491525423728814
137,Infected,0.0
137,Recovered_Immune,0.7372881355932204
137,Death,0.06779661016949153
137,Asymptomatic,0.9322033898305084
137,Hospitalization,0.0
137,Severe,0.0
138,Susceptible,0.19491525423728814
138,Infected,0.0
138,Recovered_Immune,0.7372881355932204
138,Death,0.06779661016949153
138,Asymptomatic,0.9322033898305084
138,Hospitalization,0.0
138,Severe,0.0
139,Susceptible,0.19491525423728814
139,Infected,0.0
139,Recovered_Immune,0.7372881355932204
139,Death,0.06779661016949153
139,Asymptomatic,0.9322033898305084
139,Hospitalization,0.0
139,Severe,0.0
140,Susceptible,0.19491525423728814
140,Infected,0.0
140,Recovered_Immune,0.7372881355932204
140,Death,0.06779661016949153
140,Asymptomatic,0.9322033898305084
140,Hospitalization,0.0
140,Severe,0.0
141,Susceptible,0.19491525423728814
141,Infected,0.0
141,Recovered_Immune,0.7372881355932204
141,Death,0.06779661016949153
141,Asymptomatic,0.9322033898305084
141,Hospitalization,0.0
141,Severe,0.0
142,Susceptible,0.19491525423728814
142,Infected,0.0
142,Recovered_Immune,0.7372881355932204
142,Death,0.06779661016949153
142,Asymptomatic,0.9322033898305084
142,Hospitalization,0.0
142,Severe,0.0
143,Susceptible,0.19491525423728814
143,Infected,0.0
143,Recovered_Immune,0.7372881355932204
143,Death,0.06779661016949153
143,Asymptomatic,0.9322033898305084
143,Hospitalization,0.0
143,Severe,0.0
144,Susceptible,0.19491525423728814
144,Infected,0.0
144,Recovered_Immune,0.7372881355932204
144,Death,0.06779661016949153
144,Asymptomatic,0.9322033898305084
144,Hospitalization,0.0
144,Severe,0.0
145,Susceptible,0.19491525423728814
145,Infected,0.0
145,Recovered_Immune,0.7372881355932204
145,Death,0.06779661016949153
145,Asymptomatic,0.9322033898305084
145,Hospitalization,0.0
145,Severe,0.0
146,Susceptible,0.19491525423728814
146,Infected,0.0
146,Recovered_Immune,0.7372881355932204
146,Death,0.06779661016949153
146,Asymptomatic,0.9322033898305084
146,Hospitalization,0.0
146,Severe,0.0
147,Susceptible,0.19491525423728814
147,Infected,0.0
147,Recovered_Immune,0.7372881355932204
147,Death,0.06779661016949153
147,Asymptomatic,0.9322033898305084
147,Hospitalization,0.0
147,Severe,0.0
