Iteration,Metric,Avg
0,Susceptible,0.9067796610169492
0,Infected,0.0423728813559322
0,Recovered_Immune,0.05084745762711865
0,Death,0.0
0,Asymptomatic,1.0
0,Hospitalization,0.0
0,Severe,0.0
1,Susceptible,0.8389830508474576
1,Infected,0.11016949152542373
1,Recovered_Immune,0.05084745762711865
1,Death,0.0
1,Asymptomatic,1.0
1,Hospitalization,0.0
1,Severe,0.0
2,Susceptible,0.6949152542372882
2,Infected,0.2542372881355932
2,Recovered_Immune,0.05084745762711865
2,Death,0.0
2,Asymptomatic,1.0
2,Hospitalization,0.0
2,Severe,0.0
3,Susceptible,0.5932203389830508
3,Infected,0.3559322033898305
3,Recovered_Immune,0.05084745762711865
3,Death,0.0
3,Asymptomatic,0.9915254237288136
3,Hospitalization,0.00847457627118644
3,Severe,0.0
4,Susceptible,0.5847457627118644
4,Infected,0.3644067796610169
4,Recovered_Immune,0.05084745762711865
4,Death,0.0
4,Asymptomatic,0.9915254237288136
4,Hospitalization,0.00847457627118644
4,Severe,0.0
5,Susceptible,0.576271186440678
5,Infected,0.3728813559322034
5,Recovered_Immune,0.05084745762711865
5,Death,0.0
5,Asymptomatic,0.9915254237288136
5,Hospitalization,0.00847457627118644
5,Severe,0.0
6,Susceptible,0.5423728813559322
6,Infected,0.4067796610169492
6,Recovered_Immune,0.05084745762711865
6,Death,0.0
6,Asymptomatic,0.9915254237288136
6,Hospitalization,0.00847457627118644
6,Severe,0.0
7,Susceptible,0.5169491525423728
7,Infected,0.4322033898305085
7,Recovered_Immune,0.05084745762711865
7,Death,0.0
7,Asymptomatic,0.9915254237288136
7,Hospitalization,0.00847457627118644
7,Severe,0.0
8,Susceptible,0.5169491525423728
8,Infected,0.4322033898305085
8,Recovered_Immune,0.05084745762711865
8,Death,0.0
8,Asymptomatic,0.9830508474576272
8,Hospitalization,0.01694915254237288
8,Severe,0.0
9,Susceptible,0.4915254237288136
9,Infected,0.4576271186440678
9,Recovered_Immune,0.05084745762711865
9,Death,0.0
9,Asymptomatic,0.9745762711864406
9,Hospitalization,0.025423728813559324
9,Severe,0.0
10,Susceptible,0.4830508474576271
10,Infected,0.4661016949152542
10,Recovered_Immune,0.05084745762711865
10,Death,0.0
10,Asymptomatic,0.9661016949152542
10,Hospitalization,0.03389830508474576
10,Severe,0.0
11,Susceptible,0.4661016949152542
11,Infected,0.4830508474576271
11,Recovered_Immune,0.05084745762711865
11,Death,0.0
11,Asymptomatic,0.9661016949152542
11,Hospitalization,0.03389830508474576
11,Severe,0.0
12,Susceptible,0.4576271186440678
12,Infected,0.4830508474576271
12,Recovered_Immune,0.05084745762711865
12,Death,0.00847457627118644
12,Asymptomatic,0.9322033898305084
12,Hospitalization,0.059322033898305086
12,Severe,0.0
13,Susceptible,0.4491525423728814
13,Infected,0.4915254237288136
13,Recovered_Immune,0.05084745762711865
13,Death,0.00847457627118644
13,Asymptomatic,0.923728813559322
13,Hospitalization,0.06779661016949153
13,Severe,0.0
14,Susceptible,0.4406779661016949
14,Infected,0.5
14,Recovered_Immune,0.05084745762711865
14,Death,0.00847457627118644
14,Asymptomatic,0.923728813559322
14,Hospitalization,0.06779661016949153
14,Severe,0.0
15,Susceptible,0.4067796610169492
15,Infected,0.5169491525423728
15,Recovered_Immune,0.05084745762711865
15,Death,0.025423728813559324
15,Asymptomatic,0.923728813559322
15,Hospitalization,0.05084745762711865
15,Severe,0.0
16,Susceptible,0.3898305084745763
16,Infected,0.5338983050847458
16,Recovered_Immune,0.05084745762711865
16,Death,0.025423728813559324
16,Asymptomatic,0.923728813559322
16,Hospitalization,0.05084745762711865
16,Severe,0.0
17,Susceptible,0.3813559322033898
17,Infected,0.5423728813559322
17,Recovered_Immune,0.05084745762711865
17,Death,0.025423728813559324
17,Asymptomatic,0.923728813559322
17,Hospitalization,0.05084745762711865
17,Severe,0.0
18,Susceptible,0.3559322033898305
18,Infected,0.5677966101694916
18,Recovered_Immune,0.05084745762711865
18,Death,0.025423728813559324
18,Asymptomatic,0.923728813559322
18,Hospitalization,0.05084745762711865
18,Severe,0.0
19,Susceptible,0.3474576271186441
19,Infected,0.576271186440678
19,Recovered_Immune,0.05084745762711865
19,Death,0.025423728813559324
19,Asymptomatic,0.9152542372881356
19,Hospitalization,0.059322033898305086
19,Severe,0.0
20,Susceptible,0.3305084745762712
20,Infected,0.5677966101694916
20,Recovered_Immune,0.06779661016949153
20,Death,0.03389830508474576
20,Asymptomatic,0.9067796610169492
20,Hospitalization,0.059322033898305086
20,Severe,0.0
21,Susceptible,0.3305084745762712
21,Infected,0.5423728813559322
21,Recovered_Immune,0.09322033898305085
21,Death,0.03389830508474576
21,Asymptomatic,0.8898305084745762
21,Hospitalization,0.07627118644067797
21,Severe,0.0
22,Susceptible,0.3220338983050847
22,Infected,0.4830508474576271
22,Recovered_Immune,0.15254237288135594
22,Death,0.0423728813559322
22,Asymptomatic,0.8983050847457628
22,Hospitalization,0.059322033898305086
22,Severe,0.0
23,Susceptible,0.3220338983050847
23,Infected,0.3474576271186441
23,Recovered_Immune,0.288135593220339
23,Death,0.0423728813559322
23,Asymptomatic,0.9067796610169492
23,Hospitalization,0.05084745762711865
23,Severe,0.0
24,Susceptible,0.3220338983050847
24,Infected,0.2542372881355932
24,Recovered_Immune,0.3728813559322034
24,Death,0.05084745762711865
24,Asymptomatic,0.9152542372881356
24,Hospitalization,0.03389830508474576
24,Severe,0.0
25,Susceptible,0.3220338983050847
25,Infected,0.23728813559322035
25,Recovered_Immune,0.3813559322033898
25,Death,0.059322033898305086
25,Asymptomatic,0.9067796610169492
25,Hospitalization,0.03389830508474576
25,Severe,0.0
26,Susceptible,0.3220338983050847
26,Infected,0.2288135593220339
26,Recovered_Immune,0.3898305084745763
26,Death,0.059322033898305086
26,Asymptomatic,0.9067796610169492
26,Hospitalization,0.03389830508474576
26,Severe,0.0
27,Susceptible,0.3220338983050847
27,Infected,0.19491525423728814
27,Recovered_Immune,0.423728813559322
27,Death,0.059322033898305086
27,Asymptomatic,0.9067796610169492
27,Hospitalization,0.03389830508474576
27,Severe,0.0
28,Susceptible,0.3220338983050847
28,Infected,0.17796610169491525
28,Recovered_Immune,0.4406779661016949
28,Death,0.059322033898305086
28,Asymptomatic,0.9152542372881356
28,Hospitalization,0.01694915254237288
28,Severe,0.00847457627118644
29,Susceptible,0.3050847457627119
29,Infected,0.19491525423728814
29,Recovered_Immune,0.4406779661016949
29,Death,0.059322033898305086
29,Asymptomatic,0.9152542372881356
29,Hospitalization,0.01694915254237288
29,Severe,0.00847457627118644
30,Susceptible,0.3050847457627119
30,Infected,0.1694915254237288
30,Recovered_Immune,0.4661016949152542
30,Death,0.059322033898305086
30,Asymptomatic,0.9152542372881356
30,Hospitalization,0.01694915254237288
30,Severe,0.00847457627118644
31,Susceptible,0.3050847457627119
31,Infected,0.16101694915254236
31,Recovered_Immune,0.4745762711864407
31,Death,0.059322033898305086
31,Asymptomatic,0.9152542372881356
31,Hospitalization,0.01694915254237288
31,Severe,0.00847457627118644
32,Susceptible,0.3050847457627119
32,Infected,0.1440677966101695
32,Recovered_Immune,0.4915254237288136
32,Death,0.059322033898305086
32,Asymptomatic,0.923728813559322
32,Hospitalization,0.00847457627118644
32,Severe,0.00847457627118644
33,Susceptible,0.3050847457627119
33,Infected,0.13559322033898305
33,Recovered_Immune,0.5
33,Death,0.059322033898305086
33,Asymptomatic,0.923728813559322
33,Hospitalization,0.00847457627118644
33,Severe,0.00847457627118644
34,Susceptible,0.3050847457627119
34,Infected,0.13559322033898305
34,Recovered_Immune,0.5
34,Death,0.059322033898305086
34,Asymptomatic,0.923728813559322
34,Hospitalization,0.0
34,Severe,0.01694915254237288
35,Susceptible,0.2966101694915254
35,Infected,0.13559322033898305
35,Recovered_Immune,0.5084745762711864
35,Death,0.059322033898305086
35,Asymptomatic,0.9322033898305084
35,Hospitalization,0.0
35,Severe,0.00847457627118644
36,Susceptible,0.288135593220339
36,Infected,0.11016949152542373
36,Recovered_Immune,0.5423728813559322
36,Death,0.059322033898305086
36,Asymptomatic,0.9322033898305084
36,Hospitalization,0.0
36,Severe,0.00847457627118644
37,Susceptible,0.288135593220339
37,Infected,0.09322033898305085
37,Recovered_Immune,0.559322033898305
37,Death,0.059322033898305086
37,Asymptomatic,0.940677966101695
37,Hospitalization,0.0
37,Severe,0.0
38,Susceptible,0.288135593220339
38,Infected,0.0847457627118644
38,Recovered_Immune,0.5677966101694916
38,Death,0.059322033898305086
38,Asymptomatic,0.940677966101695
38,Hospitalization,0.0
38,Severe,0.0
39,Susceptible,0.288135593220339
39,Infected,0.06779661016949153
39,Recovered_Immune,0.5847457627118644
39,Death,0.059322033898305086
39,Asymptomatic,0.940677966101695
39,Hospitalization,0.0
39,Severe,0.0
40,Susceptible,0.288135593220339
40,Infected,0.059322033898305086
40,Recovered_Immune,0.5932203389830508
40,Death,0.059322033898305086
40,Asymptomatic,0.940677966101695
40,Hospitalization,0.0
40,Severe,0.0
41,Susceptible,0.288135593220339
41,Infected,0.0423728813559322
41,Recovered_Immune,0.6101694915254238
41,Death,0.059322033898305086
41,Asymptomatic,0.940677966101695
41,Hospitalization,0.0
41,Severe,0.0
42,Susceptible,0.2796610169491525
42,Infected,0.05084745762711865
42,Recovered_Immune,0.6101694915254238
42,Death,0.059322033898305086
42,Asymptomatic,0.940677966101695
42,Hospitalization,0.0
42,Severe,0.0
43,Susceptible,0.2796610169491525
43,Infected,0.0423728813559322
43,Recovered_Immune,0.6186440677966102
43,Death,0.059322033898305086
43,Asymptomatic,0.940677966101695
43,Hospitalization,0.0
43,Severe,0.0
44,Susceptible,0.2796610169491525
44,Infected,0.0423728813559322
44,Recovered_Immune,0.6186440677966102
44,Death,0.059322033898305086
44,Asymptomatic,0.940677966101695
44,Hospitalization,0.0
44,Severe,0.0
45,Susceptible,0.2796610169491525
45,Infected,0.0423728813559322
45,Recovered_Immune,0.6186440677966102
45,Death,0.059322033898305086
45,Asymptomatic,0.940677966101695
45,Hospitalization,0.0
45,Severe,0.0
46,Susceptible,0.2796610169491525
46,Infected,0.0423728813559322
46,Recovered_Immune,0.6186440677966102
46,Death,0.059322033898305086
46,Asymptomatic,0.940677966101695
46,Hospitalization,0.0
46,Severe,0.0
47,Susceptible,0.2796610169491525
47,Infected,0.0423728813559322
47,Recovered_Immune,0.6186440677966102
47,Death,0.059322033898305086
47,Asymptomatic,0.940677966101695
47,Hospitalization,0.0
47,Severe,0.0
48,Susceptible,0.2796610169491525
48,Infected,0.0423728813559322
48,Recovered_Immune,0.6186440677966102
48,Death,0.059322033898305086
48,Asymptomatic,0.940677966101695
48,Hospitalization,0.0
48,Severe,0.0
49,Susceptible,0.2711864406779661
49,Infected,0.05084745762711865
49,Recovered_Immune,0.6186440677966102
49,Death,0.059322033898305086
49,Asymptomatic,0.9322033898305084
49,Hospitalization,0.00847457627118644
49,Severe,0.0
50,Susceptible,0.2711864406779661
50,Infected,0.03389830508474576
50,Recovered_Immune,0.635593220338983
50,Death,0.059322033898305086
50,Asymptomatic,0.9322033898305084
50,Hospitalization,0.00847457627118644
50,Severe,0.0
51,Susceptible,0.2711864406779661
51,Infected,0.03389830508474576
51,Recovered_Immune,0.635593220338983
51,Death,0.059322033898305086
51,Asymptomatic,0.9322033898305084
51,Hospitalization,0.00847457627118644
51,Severe,0.0
52,Susceptible,0.2711864406779661
52,Infected,0.03389830508474576
52,Recovered_Immune,0.635593220338983
52,Death,0.059322033898305086
52,Asymptomatic,0.9322033898305084
52,Hospitalization,0.00847457627118644
52,Severe,0.0
53,Susceptible,0.2627118644067797
53,Infected,0.0423728813559322
53,Recovered_Immune,0.635593220338983
53,Death,0.059322033898305086
53,Asymptomatic,0.9322033898305084
53,Hospitalization,0.00847457627118644
53,Severe,0.0
54,Susceptible,0.2627118644067797
54,Infected,0.0423728813559322
54,Recovered_Immune,0.635593220338983
54,Death,0.059322033898305086
54,Asymptomatic,0.923728813559322
54,Hospitalization,0.01694915254237288
54,Severe,0.0
55,Susceptible,0.2627118644067797
55,Infected,0.0423728813559322
55,Recovered_Immune,0.635593220338983
55,Death,0.059322033898305086
55,Asymptomatic,0.923728813559322
55,Hospitalization,0.01694915254237288
55,Severe,0.0
56,Susceptible,0.2627118644067797
56,Infected,0.03389830508474576
56,Recovered_Immune,0.6440677966101694
56,Death,0.059322033898305086
56,Asymptomatic,0.9322033898305084
56,Hospitalization,0.00847457627118644
56,Severe,0.0
57,Susceptible,0.2627118644067797
57,Infected,0.025423728813559324
57,Recovered_Immune,0.652542372881356
57,Death,0.059322033898305086
57,Asymptomatic,0.923728813559322
57,Hospitalization,0.01694915254237288
57,Severe,0.0
58,Susceptible,0.2627118644067797
58,Infected,0.025423728813559324
58,Recovered_Immune,0.652542372881356
58,Death,0.059322033898305086
58,Asymptomatic,0.923728813559322
58,Hospitalization,0.01694915254237288
58,Severe,0.0
59,Susceptible,0.2627118644067797
59,Infected,0.025423728813559324
59,Recovered_Immune,0.652542372881356
59,Death,0.059322033898305086
59,Asymptomatic,0.923728813559322
59,Hospitalization,0.01694915254237288
59,Severe,0.0
60,Susceptible,0.2627118644067797
60,Infected,0.025423728813559324
60,Recovered_Immune,0.652542372881356
60,Death,0.059322033898305086
60,Asymptomatic,0.923728813559322
60,Hospitalization,0.01694915254237288
60,Severe,0.0
61,Susceptible,0.2627118644067797
61,Infected,0.025423728813559324
61,Recovered_Immune,0.652542372881356
61,Death,0.059322033898305086
61,Asymptomatic,0.923728813559322
61,Hospitalization,0.00847457627118644
61,Severe,0.00847457627118644
62,Susceptible,0.2627118644067797
62,Infected,0.025423728813559324
62,Recovered_Immune,0.652542372881356
62,Death,0.059322033898305086
62,Asymptomatic,0.923728813559322
62,Hospitalization,0.00847457627118644
62,Severe,0.00847457627118644
63,Susceptible,0.2627118644067797
63,Infected,0.01694915254237288
63,Recovered_Immune,0.6610169491525424
63,Death,0.059322033898305086
63,Asymptomatic,0.9322033898305084
63,Hospitalization,0.00847457627118644
63,Severe,0.0
64,Susceptible,0.2627118644067797
64,Infected,0.01694915254237288
64,Recovered_Immune,0.6610169491525424
64,Death,0.059322033898305086
64,Asymptomatic,0.9322033898305084
64,Hospitalization,0.00847457627118644
64,Severe,0.0
65,Susceptible,0.2627118644067797
65,Infected,0.01694915254237288
65,Recovered_Immune,0.6610169491525424
65,Death,0.059322033898305086
65,Asymptomatic,0.9322033898305084
65,Hospitalization,0.00847457627118644
65,Severe,0.0
66,Susceptible,0.2627118644067797
66,Infected,0.01694915254237288
66,Recovered_Immune,0.6610169491525424
66,Death,0.059322033898305086
66,Asymptomatic,0.9322033898305084
66,Hospitalization,0.00847457627118644
66,Severe,0.0
67,Susceptible,0.2627118644067797
67,Infected,0.01694915254237288
67,Recovered_Immune,0.6610169491525424
67,Death,0.059322033898305086
67,Asymptomatic,0.9322033898305084
67,Hospitalization,0.00847457627118644
67,Severe,0.0
68,Susceptible,0.2627118644067797
68,Infected,0.01694915254237288
68,Recovered_Immune,0.6610169491525424
68,Death,0.059322033898305086
68,Asymptomatic,0.9322033898305084
68,Hospitalization,0.00847457627118644
68,Severe,0.0
69,Susceptible,0.2627118644067797
69,Infected,0.01694915254237288
69,Recovered_Immune,0.6610169491525424
69,Death,0.059322033898305086
69,Asymptomatic,0.9322033898305084
69,Hospitalization,0.00847457627118644
69,Severe,0.0
70,Susceptible,0.2627118644067797
70,Infected,0.00847457627118644
70,Recovered_Immune,0.6694915254237288
70,Death,0.059322033898305086
70,Asymptomatic,0.940677966101695
70,Hospitalization,0.0
70,Severe,0.0
71,Susceptible,0.2627118644067797
71,Infected,0.00847457627118644
71,Recovered_Immune,0.6694915254237288
71,Death,0.059322033898305086
71,Asymptomatic,0.940677966101695
71,Hospitalization,0.0
71,Severe,0.0
72,Susceptible,0.2627118644067797
72,Infected,0.00847457627118644
72,Recovered_Immune,0.6694915254237288
72,Death,0.059322033898305086
72,Asymptomatic,0.940677966101695
72,Hospitalization,0.0
72,Severe,0.0
73,Susceptible,0.2627118644067797
73,Infected,0.00847457627118644
73,Recovered_Immune,0.6694915254237288
73,Death,0.059322033898305086
73,Asymptomatic,0.940677966101695
73,Hospitalization,0.0
73,Severe,0.0
74,Susceptible,0.2627118644067797
74,Infected,0.0
74,Recovered_Immune,0.6779661016949152
74,Death,0.059322033898305086
74,Asymptomatic,0.940677966101695
74,Hospitalization,0.0
74,Severe,0.0
75,Susceptible,0.2627118644067797
75,Infected,0.0
75,Recovered_Immune,0.6779661016949152
75,Death,0.059322033898305086
75,Asymptomatic,0.940677966101695
75,Hospitalization,0.0
75,Severe,0.0
76,Susceptible,0.2627118644067797
76,Infected,0.0
76,Recovered_Immune,0.6779661016949152
76,Death,0.059322033898305086
76,Asymptomatic,0.940677966101695
76,Hospitalization,0.0
76,Severe,0.0
77,Susceptible,0.2627118644067797
77,Infected,0.0
77,Recovered_Immune,0.6779661016949152
77,Death,0.059322033898305086
77,Asymptomatic,0.940677966101695
77,Hospitalization,0.0
77,Severe,0.0
78,Susceptible,0.2627118644067797
78,Infected,0.0
78,Recovered_Immune,0.6779661016949152
78,Death,0.059322033898305086
78,Asymptomatic,0.940677966101695
78,Hospitalization,0.0
78,Severe,0.0
79,Susceptible,0.2627118644067797
79,Infected,0.0
79,Recovered_Immune,0.6779661016949152
79,Death,0.059322033898305086
79,Asymptomatic,0.940677966101695
79,Hospitalization,0.0
79,Severe,0.0
80,Susceptible,0.2627118644067797
80,Infected,0.0
80,Recovered_Immune,0.6779661016949152
80,Death,0.059322033898305086
80,Asymptomatic,0.940677966101695
80,Hospitalization,0.0
80,Severe,0.0
81,Susceptible,0.2627118644067797
81,Infected,0.0
81,Recovered_Immune,0.6779661016949152
81,Death,0.059322033898305086
81,Asymptomatic,0.940677966101695
81,Hospitalization,0.0
81,Severe,0.0
82,Susceptible,0.2627118644067797
82,Infected,0.0
82,Recovered_Immune,0.6779661016949152
82,Death,0.059322033898305086
82,Asymptomatic,0.940677966101695
82,Hospitalization,0.0
82,Severe,0.0
83,Susceptible,0.2627118644067797
83,Infected,0.0
83,Recovered_Immune,0.6779661016949152
83,Death,0.059322033898305086
83,Asymptomatic,0.940677966101695
83,Hospitalization,0.0
83,Severe,0.0
84,Susceptible,0.2627118644067797
84,Infected,0.0
84,Recovered_Immune,0.6779661016949152
84,Death,0.059322033898305086
84,Asymptomatic,0.940677966101695
84,Hospitalization,0.0
84,Severe,0.0
85,Susceptible,0.2627118644067797
85,Infected,0.0
85,Recovered_Immune,0.6779661016949152
85,Death,0.059322033898305086
85,Asymptomatic,0.940677966101695
85,Hospitalization,0.0
85,Severe,0.0
86,Susceptible,0.2627118644067797
86,Infected,0.0
86,Recovered_Immune,0.6779661016949152
86,Death,0.059322033898305086
86,Asymptomatic,0.940677966101695
86,Hospitalization,0.0
86,Severe,0.0
87,Susceptible,0.2627118644067797
87,Infected,0.0
87,Recovered_Immune,0.6779661016949152
87,Death,0.059322033898305086
87,Asymptomatic,0.940677966101695
87,Hospitalization,0.0
87,Severe,0.0
88,Susceptible,0.2627118644067797
88,Infected,0.0
88,Recovered_Immune,0.6779661016949152
88,Death,0.059322033898305086
88,Asymptomatic,0.940677966101695
88,Hospitalization,0.0
88,Severe,0.0
89,Susceptible,0.2627118644067797
89,Infected,0.0
89,Recovered_Immune,0.6779661016949152
89,Death,0.059322033898305086
89,Asymptomatic,0.940677966101695
89,Hospitalization,0.0
89,Severe,0.0
90,Susceptible,0.2627118644067797
90,Infected,0.0
90,Recovered_Immune,0.6779661016949152
90,Death,0.059322033898305086
90,Asymptomatic,0.940677966101695
90,Hospitalization,0.0
90,Severe,0.0
91,Susceptible,0.2627118644067797
91,Infected,0.0
91,Recovered_Immune,0.6779661016949152
91,Death,0.059322033898305086
91,Asymptomatic,0.940677966101695
91,Hospitalization,0.0
91,Severe,0.0
92,Susceptible,0.2627118644067797
92,Infected,0.0
92,Recovered_Immune,0.6779661016949152
92,Death,0.059322033898305086
92,Asymptomatic,0.940677966101695
92,Hospitalization,0.0
92,Severe,0.0
93,Susceptible,0.2627118644067797
93,Infected,0.0
93,Recovered_Immune,0.6779661016949152
93,Death,0.059322033898305086
93,Asymptomatic,0.940677966101695
93,Hospitalization,0.0
93,Severe,0.0
94,Susceptible,0.2627118644067797
94,Infected,0.0
94,Recovered_Immune,0.6779661016949152
94,Death,0.059322033898305086
94,Asymptomatic,0.940677966101695
94,Hospitalization,0.0
94,Severe,0.0
95,Susceptible,0.2627118644067797
95,Infected,0.0
95,Recovered_Immune,0.6779661016949152
95,Death,0.059322033898305086
95,Asymptomatic,0.940677966101695
95,Hospitalization,0.0
95,Severe,0.0
96,Susceptible,0.2627118644067797
96,Infected,0.0
96,Recovered_Immune,0.6779661016949152
96,Death,0.059322033898305086
96,Asymptomatic,0.940677966101695
96,Hospitalization,0.0
96,Severe,0.0
97,Susceptible,0.2627118644067797
97,Infected,0.0
97,Recovered_Immune,0.6779661016949152
97,Death,0.059322033898305086
97,Asymptomatic,0.940677966101695
97,Hospitalization,0.0
97,Severe,0.0
98,Susceptible,0.2627118644067797
98,Infected,0.0
98,Recovered_Immune,0.6779661016949152
98,Death,0.059322033898305086
98,Asymptomatic,0.940677966101695
98,Hospitalization,0.0
98,Severe,0.0
99,Susceptible,0.2627118644067797
99,Infected,0.0
99,Recovered_Immune,0.6779661016949152
99,Death,0.059322033898305086
99,Asymptomatic,0.940677966101695
99,Hospitalization,0.0
99,Severe,0.0
100,Susceptible,0.2627118644067797
100,Infected,0.0
100,Recovered_Immune,0.6779661016949152
100,Death,0.059322033898305086
100,Asymptomatic,0.940677966101695
100,Hospitalization,0.0
100,Severe,0.0
101,Susceptible,0.2627118644067797
101,Infected,0.0
101,Recovered_Immune,0.6779661016949152
101,Death,0.059322033898305086
101,Asymptomatic,0.940677966101695
101,Hospitalization,0.0
101,Severe,0.0
102,Susceptible,0.2627118644067797
102,Infected,0.0
102,Recovered_Immune,0.6779661016949152
102,Death,0.059322033898305086
102,Asymptomatic,0.940677966101695
102,Hospitalization,0.0
102,Severe,0.0
103,Susceptible,0.2627118644067797
103,Infected,0.0
103,Recovered_Immune,0.6779661016949152
103,Death,0.059322033898305086
103,Asymptomatic,0.940677966101695
103,Hospitalization,0.0
103,Severe,0.0
104,Susceptible,0.2627118644067797
104,Infected,0.0
104,Recovered_Immune,0.6779661016949152
104,Death,0.059322033898305086
104,Asymptomatic,0.940677966101695
104,Hospitalization,0.0
104,Severe,0.0
105,Susceptible,0.2627118644067797
105,Infected,0.0
105,Recovered_Immune,0.6779661016949152
105,Death,0.059322033898305086
105,Asymptomatic,0.940677966101695
105,Hospitalization,0.0
105,Severe,0.0
106,Susceptible,0.2627118644067797
106,Infected,0.0
106,Recovered_Immune,0.6779661016949152
106,Death,0.059322033898305086
106,Asymptomatic,0.940677966101695
106,Hospitalization,0.0
106,Severe,0.0
107,Susceptible,0.2627118644067797
107,Infected,0.0
107,Recovered_Immune,0.6779661016949152
107,Death,0.059322033898305086
107,Asymptomatic,0.940677966101695
107,Hospitalization,0.0
107,Severe,0.0
108,Susceptible,0.2627118644067797
108,Infected,0.0
108,Recovered_Immune,0.6779661016949152
108,Death,0.059322033898305086
108,Asymptomatic,0.940677966101695
108,Hospitalization,0.0
108,Severe,0.0
109,Susceptible,0.2627118644067797
109,Infected,0.0
109,Recovered_Immune,0.6779661016949152
109,Death,0.059322033898305086
109,Asymptomatic,0.940677966101695
109,Hospitalization,0.0
109,Severe,0.0
110,Susceptible,0.2627118644067797
110,Infected,0.0
110,Recovered_Immune,0.6779661016949152
110,Death,0.059322033898305086
110,Asymptomatic,0.940677966101695
110,Hospitalization,0.0
110,Severe,0.0
111,Susceptible,0.2627118644067797
111,Infected,0.0
111,Recovered_Immune,0.6779661016949152
111,Death,0.059322033898305086
111,Asymptomatic,0.940677966101695
111,Hospitalization,0.0
111,Severe,0.0
112,Susceptible,0.2627118644067797
112,Infected,0.0
112,Recovered_Immune,0.6779661016949152
112,Death,0.059322033898305086
112,Asymptomatic,0.940677966101695
112,Hospitalization,0.0
112,Severe,0.0
113,Susceptible,0.2627118644067797
113,Infected,0.0
113,Recovered_Immune,0.6779661016949152
113,Death,0.059322033898305086
113,Asymptomatic,0.940677966101695
113,Hospitalization,0.0
113,Severe,0.0
114,Susceptible,0.2627118644067797
114,Infected,0.0
114,Recovered_Immune,0.6779661016949152
114,Death,0.059322033898305086
114,Asymptomatic,0.940677966101695
114,Hospitalization,0.0
114,Severe,0.0
115,Susceptible,0.2627118644067797
115,Infected,0.0
115,Recovered_Immune,0.6779661016949152
115,Death,0.059322033898305086
115,Asymptomatic,0.940677966101695
115,Hospitalization,0.0
115,Severe,0.0
116,Susceptible,0.2627118644067797
116,Infected,0.0
116,Recovered_Immune,0.6779661016949152
116,Death,0.059322033898305086
116,Asymptomatic,0.940677966101695
116,Hospitalization,0.0
116,Severe,0.0
117,Susceptible,0.2627118644067797
117,Infected,0.0
117,Recovered_Immune,0.6779661016949152
117,Death,0.059322033898305086
117,Asymptomatic,0.940677966101695
117,Hospitalization,0.0
117,Severe,0.0
118,Susceptible,0.2627118644067797
118,Infected,0.0
118,Recovered_Immune,0.6779661016949152
118,Death,0.059322033898305086
118,Asymptomatic,0.940677966101695
118,Hospitalization,0.0
118,Severe,0.0
119,Susceptible,0.2627118644067797
119,Infected,0.0
119,Recovered_Immune,0.6779661016949152
119,Death,0.059322033898305086
119,Asymptomatic,0.940677966101695
119,Hospitalization,0.0
119,Severe,0.0
120,Susceptible,0.2627118644067797
120,Infected,0.0
120,Recovered_Immune,0.6779661016949152
120,Death,0.059322033898305086
120,Asymptomatic,0.940677966101695
120,Hospitalization,0.0
120,Severe,0.0
121,Susceptible,0.2627118644067797
121,Infected,0.0
121,Recovered_Immune,0.6779661016949152
121,Death,0.059322033898305086
121,Asymptomatic,0.940677966101695
121,Hospitalization,0.0
121,Severe,0.0
122,Susceptible,0.2627118644067797
122,Infected,0.0
122,Recovered_Immune,0.6779661016949152
122,Death,0.059322033898305086
122,Asymptomatic,0.940677966101695
122,Hospitalization,0.0
122,Severe,0.0
123,Susceptible,0.2627118644067797
123,Infected,0.0
123,Recovered_Immune,0.6779661016949152
123,Death,0.059322033898305086
123,Asymptomatic,0.940677966101695
123,Hospitalization,0.0
123,Severe,0.0
124,Susceptible,0.2627118644067797
124,Infected,0.0
124,Recovered_Immune,0.6779661016949152
124,Death,0.059322033898305086
124,Asymptomatic,0.940677966101695
124,Hospitalization,0.0
124,Severe,0.0
125,Susceptible,0.2627118644067797
125,Infected,0.0
125,Recovered_Immune,0.6779661016949152
125,Death,0.059322033898305086
125,Asymptomatic,0.940677966101695
125,Hospitalization,0.0
125,Severe,0.0
126,Susceptible,0.2627118644067797
126,Infected,0.0
126,Recovered_Immune,0.6779661016949152
126,Death,0.059322033898305086
126,Asymptomatic,0.940677966101695
126,Hospitalization,0.0
126,Severe,0.0
127,Susceptible,0.2627118644067797
127,Infected,0.0
127,Recovered_Immune,0.6779661016949152
127,Death,0.059322033898305086
127,Asymptomatic,0.940677966101695
127,Hospitalization,0.0
127,Severe,0.0
128,Susceptible,0.2627118644067797
128,Infected,0.0
128,Recovered_Immune,0.6779661016949152
128,Death,0.059322033898305086
128,Asymptomatic,0.940677966101695
128,Hospitalization,0.0
128,Severe,0.0
129,Susceptible,0.2627118644067797
129,Infected,0.0
129,Recovered_Immune,0.6779661016949152
129,Death,0.059322033898305086
129,Asymptomatic,0.940677966101695
129,Hospitalization,0.0
129,Severe,0.0
130,Susceptible,0.2627118644067797
130,Infected,0.0
130,Recovered_Immune,0.6779661016949152
130,Death,0.059322033898305086
130,Asymptomatic,0.940677966101695
130,Hospitalization,0.0
130,Severe,0.0
131,Susceptible,0.2627118644067797
131,Infected,0.0
131,Recovered_Immune,0.6779661016949152
131,Death,0.059322033898305086
131,Asymptomatic,0.940677966101695
131,Hospitalization,0.0
131,Severe,0.0
132,Susceptible,0.2627118644067797
132,Infected,0.0
132,Recovered_Immune,0.6779661016949152
132,Death,0.059322033898305086
132,Asymptomatic,0.940677966101695
132,Hospitalization,0.0
132,Severe,0.0
133,Susceptible,0.2627118644067797
133,Infected,0.0
133,Recovered_Immune,0.6779661016949152
133,Death,0.059322033898305086
133,Asymptomatic,0.940677966101695
133,Hospitalization,0.0
133,Severe,0.0
134,Susceptible,0.2627118644067797
134,Infected,0.0
134,Recovered_Immune,0.6779661016949152
134,Death,0.059322033898305086
134,Asymptomatic,0.940677966101695
134,Hospitalization,0.0
134,Severe,0.0
135,Susceptible,0.2627118644067797
135,Infected,0.0
135,Recovered_Immune,0.6779661016949152
135,Death,0.059322033898305086
135,Asymptomatic,0.940677966101695
135,Hospitalization,0.0
135,Severe,0.0
136,Susceptible,0.2627118644067797
136,Infected,0.0
136,Recovered_Immune,0.6779661016949152
136,Death,0.059322033898305086
136,Asymptomatic,0.940677966101695
136,Hospitalization,0.0
136,Severe,0.0
137,Susceptible,0.2627118644067797
137,Infected,0.0
137,Recovered_Immune,0.6779661016949152
137,Death,0.059322033898305086
137,Asymptomatic,0.940677966101695
137,Hospitalization,0.0
137,Severe,0.0
138,Susceptible,0.2627118644067797
138,Infected,0.0
138,Recovered_Immune,0.6779661016949152
138,Death,0.059322033898305086
138,Asymptomatic,0.940677966101695
138,Hospitalization,0.0
138,Severe,0.0
139,Susceptible,0.2627118644067797
139,Infected,0.0
139,Recovered_Immune,0.6779661016949152
139,Death,0.059322033898305086
139,Asymptomatic,0.940677966101695
139,Hospitalization,0.0
139,Severe,0.0
140,Susceptible,0.2627118644067797
140,Infected,0.0
140,Recovered_Immune,0.6779661016949152
140,Death,0.059322033898305086
140,Asymptomatic,0.940677966101695
140,Hospitalization,0.0
140,Severe,0.0
141,Susceptible,0.2627118644067797
141,Infected,0.0
141,Recovered_Immune,0.6779661016949152
141,Death,0.059322033898305086
141,Asymptomatic,0.940677966101695
141,Hospitalization,0.0
141,Severe,0.0
142,Susceptible,0.2627118644067797
142,Infected,0.0
142,Recovered_Immune,0.6779661016949152
142,Death,0.059322033898305086
142,Asymptomatic,0.940677966101695
142,Hospitalization,0.0
142,Severe,0.0
143,Susceptible,0.2627118644067797
143,Infected,0.0
143,Recovered_Immune,0.6779661016949152
143,Death,0.059322033898305086
143,Asymptomatic,0.940677966101695
143,Hospitalization,0.0
143,Severe,0.0
144,Susceptible,0.2627118644067797
144,Infected,0.0
144,Recovered_Immune,0.6779661016949152
144,Death,0.059322033898305086
144,Asymptomatic,0.940677966101695
144,Hospitalization,0.0
144,Severe,0.0
145,Susceptible,0.2627118644067797
145,Infected,0.0
145,Recovered_Immune,0.6779661016949152
145,Death,0.059322033898305086
145,Asymptomatic,0.940677966101695
145,Hospitalization,0.0
145,Severe,0.0
146,Susceptible,0.2627118644067797
146,Infected,0.0
146,Recovered_Immune,0.6779661016949152
146,Death,0.059322033898305086
146,Asymptomatic,0.940677966101695
146,Hospitalization,0.0
146,Severe,0.0
147,Susceptible,0.2627118644067797
147,Infected,0.0
147,Recovered_Immune,0.6779661016949152
147,Death,0.059322033898305086
147,Asymptomatic,0.940677966101695
147,Hospitalization,0.0
147,Severe,0.0
