Iteration,Metric,Avg
0,Susceptible,0.9661016949152542
0,Infected,0.00847457627118644
0,Recovered_Immune,0.025423728813559324
0,Death,0.0
0,Asymptomatic,1.0
0,Hospitalization,0.0
0,Severe,0.0
1,Susceptible,0.9576271186440678
1,Infected,0.01694915254237288
1,Recovered_Immune,0.025423728813559324
1,Death,0.0
1,Asymptomatic,1.0
1,Hospitalization,0.0
1,Severe,0.0
2,Susceptible,0.9067796610169492
2,Infected,0.06779661016949153
2,Recovered_Immune,0.025423728813559324
2,Death,0.0
2,Asymptomatic,1.0
2,Hospitalization,0.0
2,Severe,0.0
3,Susceptible,0.8135593220338984
3,Infected,0.16101694915254236
3,Recovered_Immune,0.025423728813559324
3,Death,0.0
3,Asymptomatic,1.0
3,Hospitalization,0.0
3,Severe,0.0
4,Susceptible,0.7542372881355932
4,Infected,0.22033898305084745
4,Recovered_Immune,0.025423728813559324
4,Death,0.0
4,Asymptomatic,1.0
4,Hospitalization,0.0
4,Severe,0.0
5,Susceptible,0.7542372881355932
5,Infected,0.22033898305084745
5,Recovered_Immune,0.025423728813559324
5,Death,0.0
5,Asymptomatic,1.0
5,Hospitalization,0.0
5,Severe,0.0
6,Susceptible,0.7542372881355932
6,Infected,0.22033898305084745
6,Recovered_Immune,0.025423728813559324
6,Death,0.0
6,Asymptomatic,0.9915254237288136
6,Hospitalization,0.00847457627118644
6,Severe,0.0
7,Susceptible,0.7542372881355932
7,Infected,0.22033898305084745
7,Recovered_Immune,0.025423728813559324
7,Death,0.0
7,Asymptomatic,0.9915254237288136
7,Hospitalization,0.00847457627118644
7,Severe,0.0
8,Susceptible,0.7372881355932204
8,Infected,0.23728813559322035
8,Recovered_Immune,0.025423728813559324
8,Death,0.0
8,Asymptomatic,0.9915254237288136
8,Hospitalization,0.00847457627118644
8,Severe,0.0
9,Susceptible,0.7372881355932204
9,Infected,0.23728813559322035
9,Recovered_Immune,0.025423728813559324
9,Death,0.0
9,Asymptomatic,0.9915254237288136
9,Hospitalization,0.00847457627118644
9,Severe,0.0
10,Susceptible,0.7372881355932204
10,Infected,0.23728813559322035
10,Recovered_Immune,0.025423728813559324
10,Death,0.0
10,Asymptomatic,0.9915254237288136
10,Hospitalization,0.00847457627118644
10,Severe,0.0
11,Susceptible,0.7033898305084746
11,Infected,0.2711864406779661
11,Recovered_Immune,0.025423728813559324
11,Death,0.0
11,Asymptomatic,0.9830508474576272
11,Hospitalization,0.01694915254237288
11,Severe,0.0
12,Susceptible,0.7033898305084746
12,Infected,0.2711864406779661
12,Recovered_Immune,0.025423728813559324
12,Death,0.0
12,Asymptomatic,0.9830508474576272
12,Hospitalization,0.01694915254237288
12,Severe,0.0
13,Susceptible,0.6949152542372882
13,Infected,0.2796610169491525
13,Recovered_Immune,0.025423728813559324
13,Death,0.0
13,Asymptomatic,0.9830508474576272
13,Hospitalization,0.01694915254237288
13,Severe,0.0
14,Susceptible,0.6949152542372882
14,Infected,0.2796610169491525
14,Recovered_Immune,0.025423728813559324
14,Death,0.0
14,Asymptomatic,0.9745762711864406
14,Hospitalization,0.025423728813559324
14,Severe,0.0
15,Susceptible,0.6864406779661016
15,Infected,0.288135593220339
15,Recovered_Immune,0.025423728813559324
15,Death,0.0
15,Asymptomatic,0.9745762711864406
15,Hospitalization,0.025423728813559324
15,Severe,0.0
16,Susceptible,0.6779661016949152
16,Infected,0.2966101694915254
16,Recovered_Immune,0.025423728813559324
16,Death,0.0
16,Asymptomatic,0.9745762711864406
16,Hospitalization,0.025423728813559324
16,Severe,0.0
17,Susceptible,0.6694915254237288
17,Infected,0.288135593220339
17,Recovered_Immune,0.025423728813559324
17,Death,0.01694915254237288
17,Asymptomatic,0.9576271186440678
17,Hospitalization,0.01694915254237288
17,Severe,0.00847457627118644
18,Susceptible,0.635593220338983
18,Infected,0.3220338983050847
18,Recovered_Immune,0.025423728813559324
18,Death,0.01694915254237288
18,Asymptomatic,0.9491525423728814
18,Hospitalization,0.025423728813559324
18,Severe,0.00847457627118644
19,Susceptible,0.6101694915254238
19,Infected,0.3474576271186441
19,Recovered_Immune,0.025423728813559324
19,Death,0.01694915254237288
19,Asymptomatic,0.9491525423728814
19,Hospitalization,0.025423728813559324
19,Severe,0.00847457627118644
20,Susceptible,0.6101694915254238
20,Infected,0.3389830508474576
20,Recovered_Immune,0.03389830508474576
20,Death,0.01694915254237288
20,Asymptomatic,0.940677966101695
20,Hospitalization,0.03389830508474576
20,Severe,0.00847457627118644
21,Susceptible,0.6101694915254238
21,Infected,0.3389830508474576
21,Recovered_Immune,0.03389830508474576
21,Death,0.01694915254237288
21,Asymptomatic,0.940677966101695
21,Hospitalization,0.03389830508474576
21,Severe,0.00847457627118644
22,Susceptible,0.6016949152542372
22,Infected,0.3389830508474576
22,Recovered_Immune,0.0423728813559322
22,Death,0.01694915254237288
22,Asymptomatic,0.9322033898305084
22,Hospitalization,0.0423728813559322
22,Severe,0.00847457627118644
23,Susceptible,0.5932203389830508
23,Infected,0.2966101694915254
23,Recovered_Immune,0.0847457627118644
23,Death,0.025423728813559324
23,Asymptomatic,0.9322033898305084
23,Hospitalization,0.03389830508474576
23,Severe,0.00847457627118644
24,Susceptible,0.5932203389830508
24,Infected,0.211864406779661
24,Recovered_Immune,0.1694915254237288
24,Death,0.025423728813559324
24,Asymptomatic,0.9491525423728814
24,Hospitalization,0.025423728813559324
24,Severe,0.0
25,Susceptible,0.5847457627118644
25,Infected,0.1694915254237288
25,Recovered_Immune,0.22033898305084745
25,Death,0.025423728813559324
25,Asymptomatic,0.9661016949152542
25,Hospitalization,0.0
25,Severe,0.00847457627118644
26,Susceptible,0.5847457627118644
26,Infected,0.1694915254237288
26,Recovered_Immune,0.22033898305084745
26,Death,0.025423728813559324
26,Asymptomatic,0.9661016949152542
26,Hospitalization,0.0
26,Severe,0.00847457627118644
27,Susceptible,0.5847457627118644
27,Infected,0.1694915254237288
27,Recovered_Immune,0.22033898305084745
27,Death,0.025423728813559324
27,Asymptomatic,0.9661016949152542
27,Hospitalization,0.0
27,Severe,0.00847457627118644
28,Susceptible,0.576271186440678
28,Infected,0.17796610169491525
28,Recovered_Immune,0.22033898305084745
28,Death,0.025423728813559324
28,Asymptomatic,0.9661016949152542
28,Hospitalization,0.0
28,Severe,0.00847457627118644
29,Susceptible,0.5508474576271186
29,Infected,0.1864406779661017
29,Recovered_Immune,0.23728813559322035
29,Death,0.025423728813559324
29,Asymptomatic,0.9576271186440678
29,Hospitalization,0.00847457627118644
29,Severe,0.00847457627118644
30,Susceptible,0.5423728813559322
30,Infected,0.19491525423728814
30,Recovered_Immune,0.23728813559322035
30,Death,0.025423728813559324
30,Asymptomatic,0.9576271186440678
30,Hospitalization,0.00847457627118644
30,Severe,0.00847457627118644
31,Susceptible,0.5423728813559322
31,Infected,0.19491525423728814
31,Recovered_Immune,0.23728813559322035
31,Death,0.025423728813559324
31,Asymptomatic,0.9576271186440678
31,Hospitalization,0.00847457627118644
31,Severe,0.00847457627118644
32,Susceptible,0.5338983050847458
32,Infected,0.1694915254237288
32,Recovered_Immune,0.2711864406779661
32,Death,0.025423728813559324
32,Asymptomatic,0.9661016949152542
32,Hospitalization,0.00847457627118644
32,Severe,0.0
33,Susceptible,0.5338983050847458
33,Infected,0.1694915254237288
33,Recovered_Immune,0.2711864406779661
33,Death,0.025423728813559324
33,Asymptomatic,0.9661016949152542
33,Hospitalization,0.0
33,Severe,0.00847457627118644
34,Susceptible,0.5254237288135594
34,Infected,0.1694915254237288
34,Recovered_Immune,0.2796610169491525
34,Death,0.025423728813559324
34,Asymptomatic,0.9661016949152542
34,Hospitalization,0.0
34,Severe,0.00847457627118644
35,Susceptible,0.5084745762711864
35,Infected,0.1864406779661017
35,Recovered_Immune,0.2796610169491525
35,Death,0.025423728813559324
35,Asymptomatic,0.9661016949152542
35,Hospitalization,0.0
35,Severe,0.00847457627118644
36,Susceptible,0.5
36,Infected,0.1864406779661017
36,Recovered_Immune,0.288135593220339
36,Death,0.025423728813559324
36,Asymptomatic,0.9576271186440678
36,Hospitalization,0.00847457627118644
36,Severe,0.00847457627118644
37,Susceptible,0.4915254237288136
37,Infected,0.1864406779661017
37,Recovered_Immune,0.2966101694915254
37,Death,0.025423728813559324
37,Asymptomatic,0.9576271186440678
37,Hospitalization,0.00847457627118644
37,Severe,0.00847457627118644
38,Susceptible,0.4915254237288136
38,Infected,0.17796610169491525
38,Recovered_Immune,0.3050847457627119
38,Death,0.025423728813559324
38,Asymptomatic,0.9576271186440678
38,Hospitalization,0.00847457627118644
38,Severe,0.00847457627118644
39,Susceptible,0.4830508474576271
39,Infected,0.1440677966101695
39,Recovered_Immune,0.3389830508474576
39,Death,0.03389830508474576
39,Asymptomatic,0.940677966101695
39,Hospitalization,0.01694915254237288
39,Severe,0.00847457627118644
40,Susceptible,0.4745762711864407
40,Infected,0.1271186440677966
40,Recovered_Immune,0.3644067796610169
40,Death,0.03389830508474576
40,Asymptomatic,0.9491525423728814
40,Hospitalization,0.01694915254237288
40,Severe,0.0
41,Susceptible,0.4745762711864407
41,Infected,0.1271186440677966
41,Recovered_Immune,0.3644067796610169
41,Death,0.03389830508474576
41,Asymptomatic,0.9491525423728814
41,Hospitalization,0.00847457627118644
41,Severe,0.00847457627118644
42,Susceptible,0.4661016949152542
42,Infected,0.1271186440677966
42,Recovered_Immune,0.3644067796610169
42,Death,0.0423728813559322
42,Asymptomatic,0.9322033898305084
42,Hospitalization,0.01694915254237288
42,Severe,0.00847457627118644
43,Susceptible,0.4576271186440678
43,Infected,0.1271186440677966
43,Recovered_Immune,0.3728813559322034
43,Death,0.0423728813559322
43,Asymptomatic,0.923728813559322
43,Hospitalization,0.025423728813559324
43,Severe,0.00847457627118644
44,Susceptible,0.4576271186440678
44,Infected,0.11864406779661017
44,Recovered_Immune,0.3813559322033898
44,Death,0.0423728813559322
44,Asymptomatic,0.923728813559322
44,Hospitalization,0.025423728813559324
44,Severe,0.00847457627118644
45,Susceptible,0.4576271186440678
45,Infected,0.11864406779661017
45,Recovered_Immune,0.3813559322033898
45,Death,0.0423728813559322
45,Asymptomatic,0.923728813559322
45,Hospitalization,0.025423728813559324
45,Severe,0.00847457627118644
46,Susceptible,0.4491525423728814
46,Infected,0.11864406779661017
46,Recovered_Immune,0.3898305084745763
46,Death,0.0423728813559322
46,Asymptomatic,0.923728813559322
46,Hospitalization,0.01694915254237288
46,Severe,0.01694915254237288
47,Susceptible,0.4491525423728814
47,Infected,0.11864406779661017
47,Recovered_Immune,0.3898305084745763
47,Death,0.0423728813559322
47,Asymptomatic,0.9152542372881356
47,Hospitalization,0.025423728813559324
47,Severe,0.01694915254237288
48,Susceptible,0.4322033898305085
48,Infected,0.13559322033898305
48,Recovered_Immune,0.3898305084745763
48,Death,0.0423728813559322
48,Asymptomatic,0.9152542372881356
48,Hospitalization,0.025423728813559324
48,Severe,0.01694915254237288
49,Susceptible,0.4322033898305085
49,Infected,0.1271186440677966
49,Recovered_Immune,0.3983050847457627
49,Death,0.0423728813559322
49,Asymptomatic,0.9067796610169492
49,Hospitalization,0.03389830508474576
49,Severe,0.01694915254237288
50,Susceptible,0.4322033898305085
50,Infected,0.11016949152542373
50,Recovered_Immune,0.4152542372881356
50,Death,0.0423728813559322
50,Asymptomatic,0.9067796610169492
50,Hospitalization,0.03389830508474576
50,Severe,0.01694915254237288
51,Susceptible,0.423728813559322
51,Infected,0.11016949152542373
51,Recovered_Immune,0.423728813559322
51,Death,0.0423728813559322
51,Asymptomatic,0.9067796610169492
51,Hospitalization,0.03389830508474576
51,Severe,0.01694915254237288
52,Susceptible,0.423728813559322
52,Infected,0.11016949152542373
52,Recovered_Immune,0.423728813559322
52,Death,0.0423728813559322
52,Asymptomatic,0.9067796610169492
52,Hospitalization,0.03389830508474576
52,Severe,0.01694915254237288
53,Susceptible,0.423728813559322
53,Infected,0.1016949152542373
53,Recovered_Immune,0.4322033898305085
53,Death,0.0423728813559322
53,Asymptomatic,0.9152542372881356
53,Hospitalization,0.025423728813559324
53,Severe,0.01694915254237288
54,Susceptible,0.423728813559322
54,Infected,0.09322033898305085
54,Recovered_Immune,0.4322033898305085
54,Death,0.05084745762711865
54,Asymptomatic,0.9152542372881356
54,Hospitalization,0.025423728813559324
54,Severe,0.00847457627118644
55,Susceptible,0.423728813559322
55,Infected,0.0847457627118644
55,Recovered_Immune,0.4406779661016949
55,Death,0.05084745762711865
55,Asymptomatic,0.923728813559322
55,Hospitalization,0.01694915254237288
55,Severe,0.00847457627118644
56,Susceptible,0.423728813559322
56,Infected,0.06779661016949153
56,Recovered_Immune,0.4576271186440678
56,Death,0.05084745762711865
56,Asymptomatic,0.923728813559322
56,Hospitalization,0.01694915254237288
56,Severe,0.00847457627118644
57,Susceptible,0.423728813559322
57,Infected,0.059322033898305086
57,Recovered_Immune,0.4661016949152542
57,Death,0.05084745762711865
57,Asymptomatic,0.9322033898305084
57,Hospitalization,0.00847457627118644
57,Severe,0.00847457627118644
58,Susceptible,0.423728813559322
58,Infected,0.059322033898305086
58,Recovered_Immune,0.4661016949152542
58,Death,0.05084745762711865
58,Asymptomatic,0.923728813559322
58,Hospitalization,0.01694915254237288
58,Severe,0.00847457627118644
59,Susceptible,0.4152542372881356
59,Infected,0.06779661016949153
59,Recovered_Immune,0.4661016949152542
59,Death,0.05084745762711865
59,Asymptomatic,0.923728813559322
59,Hospitalization,0.01694915254237288
59,Severe,0.00847457627118644
60,Susceptible,0.4152542372881356
60,Infected,0.059322033898305086
60,Recovered_Immune,0.4745762711864407
60,Death,0.05084745762711865
60,Asymptomatic,0.9322033898305084
60,Hospitalization,0.00847457627118644
60,Severe,0.00847457627118644
61,Susceptible,0.4152542372881356
61,Infected,0.059322033898305086
61,Recovered_Immune,0.4745762711864407
61,Death,0.05084745762711865
61,Asymptomatic,0.9322033898305084
61,Hospitalization,0.00847457627118644
61,Severe,0.00847457627118644
62,Susceptible,0.4152542372881356
62,Infected,0.059322033898305086
62,Recovered_Immune,0.4745762711864407
62,Death,0.05084745762711865
62,Asymptomatic,0.9322033898305084
62,Hospitalization,0.00847457627118644
62,Severe,0.00847457627118644
63,Susceptible,0.4152542372881356
63,Infected,0.05084745762711865
63,Recovered_Immune,0.4830508474576271
63,Death,0.05084745762711865
63,Asymptomatic,0.940677966101695
63,Hospitalization,0.00847457627118644
63,Severe,0.0
64,Susceptible,0.4152542372881356
64,Infected,0.0423728813559322
64,Recovered_Immune,0.4915254237288136
64,Death,0.05084745762711865
64,Asymptomatic,0.9491525423728814
64,Hospitalization,0.0
64,Severe,0.0
65,Susceptible,0.4152542372881356
65,Infected,0.0423728813559322
65,Recovered_Immune,0.4915254237288136
65,Death,0.05084745762711865
65,Asymptomatic,0.9491525423728814
65,Hospitalization,0.0
65,Severe,0.0
66,Susceptible,0.4152542372881356
66,Infected,0.0423728813559322
66,Recovered_Immune,0.4915254237288136
66,Death,0.05084745762711865
66,Asymptomatic,0.9491525423728814
66,Hospitalization,0.0
66,Severe,0.0
67,Susceptible,0.4067796610169492
67,Infected,0.0423728813559322
67,Recovered_Immune,0.5
67,Death,0.05084745762711865
67,Asymptomatic,0.9491525423728814
67,Hospitalization,0.0
67,Severe,0.0
68,Susceptible,0.4067796610169492
68,Infected,0.0423728813559322
68,Recovered_Immune,0.5
68,Death,0.05084745762711865
68,Asymptomatic,0.9491525423728814
68,Hospitalization,0.0
68,Severe,0.0
69,Susceptible,0.4067796610169492
69,Infected,0.025423728813559324
69,Recovered_Immune,0.5169491525423728
69,Death,0.05084745762711865
69,Asymptomatic,0.9491525423728814
69,Hospitalization,0.0
69,Severe,0.0
70,Susceptible,0.4067796610169492
70,Infected,0.025423728813559324
70,Recovered_Immune,0.5169491525423728
70,Death,0.05084745762711865
70,Asymptomatic,0.9491525423728814
70,Hospitalization,0.0
70,Severe,0.0
71,Susceptible,0.4067796610169492
71,Infected,0.025423728813559324
71,Recovered_Immune,0.5169491525423728
71,Death,0.05084745762711865
71,Asymptomatic,0.9491525423728814
71,Hospitalization,0.0
71,Severe,0.0
72,Susceptible,0.4067796610169492
72,Infected,0.01694915254237288
72,Recovered_Immune,0.5254237288135594
72,Death,0.05084745762711865
72,Asymptomatic,0.9491525423728814
72,Hospitalization,0.0
72,Severe,0.0
73,Susceptible,0.4067796610169492
73,Infected,0.01694915254237288
73,Recovered_Immune,0.5254237288135594
73,Death,0.05084745762711865
73,Asymptomatic,0.9491525423728814
73,Hospitalization,0.0
73,Severe,0.0
74,Susceptible,0.4067796610169492
74,Infected,0.01694915254237288
74,Recovered_Immune,0.5254237288135594
74,Death,0.05084745762711865
74,Asymptomatic,0.9491525423728814
74,Hospitalization,0.0
74,Severe,0.0
75,Susceptible,0.4067796610169492
75,Infected,0.01694915254237288
75,Recovered_Immune,0.5254237288135594
75,Death,0.05084745762711865
75,Asymptomatic,0.9491525423728814
75,Hospitalization,0.0
75,Severe,0.0
76,Susceptible,0.4067796610169492
76,Infected,0.01694915254237288
76,Recovered_Immune,0.5254237288135594
76,Death,0.05084745762711865
76,Asymptomatic,0.9491525423728814
76,Hospitalization,0.0
76,Severe,0.0
77,Susceptible,0.4067796610169492
77,Infected,0.01694915254237288
77,Recovered_Immune,0.5254237288135594
77,Death,0.05084745762711865
77,Asymptomatic,0.9491525423728814
77,Hospitalization,0.0
77,Severe,0.0
78,Susceptible,0.4067796610169492
78,Infected,0.01694915254237288
78,Recovered_Immune,0.5254237288135594
78,Death,0.05084745762711865
78,Asymptomatic,0.9491525423728814
78,Hospitalization,0.0
78,Severe,0.0
79,Susceptible,0.4067796610169492
79,Infected,0.01694915254237288
79,Recovered_Immune,0.5254237288135594
79,Death,0.05084745762711865
79,Asymptomatic,0.9491525423728814
79,Hospitalization,0.0
79,Severe,0.0
80,Susceptible,0.3983050847457627
80,Infected,0.01694915254237288
80,Recovered_Immune,0.5338983050847458
80,Death,0.05084745762711865
80,Asymptomatic,0.9491525423728814
80,Hospitalization,0.0
80,Severe,0.0
81,Susceptible,0.3983050847457627
81,Infected,0.01694915254237288
81,Recovered_Immune,0.5338983050847458
81,Death,0.05084745762711865
81,Asymptomatic,0.9491525423728814
81,Hospitalization,0.0
81,Severe,0.0
82,Susceptible,0.3983050847457627
82,Infected,0.01694915254237288
82,Recovered_Immune,0.5338983050847458
82,Death,0.05084745762711865
82,Asymptomatic,0.9491525423728814
82,Hospitalization,0.0
82,Severe,0.0
83,Susceptible,0.3983050847457627
83,Infected,0.01694915254237288
83,Recovered_Immune,0.5338983050847458
83,Death,0.05084745762711865
83,Asymptomatic,0.9491525423728814
83,Hospitalization,0.0
83,Severe,0.0
84,Susceptible,0.3983050847457627
84,Infected,0.01694915254237288
84,Recovered_Immune,0.5338983050847458
84,Death,0.05084745762711865
84,Asymptomatic,0.9491525423728814
84,Hospitalization,0.0
84,Severe,0.0
85,Susceptible,0.3898305084745763
85,Infected,0.025423728813559324
85,Recovered_Immune,0.5338983050847458
85,Death,0.05084745762711865
85,Asymptomatic,0.9491525423728814
85,Hospitalization,0.0
85,Severe,0.0
86,Susceptible,0.3898305084745763
86,Infected,0.025423728813559324
86,Recovered_Immune,0.5338983050847458
86,Death,0.05084745762711865
86,Asymptomatic,0.9491525423728814
86,Hospitalization,0.0
86,Severe,0.0
87,Susceptible,0.3898305084745763
87,Infected,0.025423728813559324
87,Recovered_Immune,0.5338983050847458
87,Death,0.05084745762711865
87,Asymptomatic,0.9491525423728814
87,Hospitalization,0.0
87,Severe,0.0
88,Susceptible,0.3898305084745763
88,Infected,0.01694915254237288
88,Recovered_Immune,0.5423728813559322
88,Death,0.05084745762711865
88,Asymptomatic,0.9491525423728814
88,Hospitalization,0.0
88,Severe,0.0
89,Susceptible,0.3898305084745763
89,Infected,0.01694915254237288
89,Recovered_Immune,0.5423728813559322
89,Death,0.05084745762711865
89,Asymptomatic,0.9491525423728814
89,Hospitalization,0.0
89,Severe,0.0
90,Susceptible,0.3898305084745763
90,Infected,0.01694915254237288
90,Recovered_Immune,0.5423728813559322
90,Death,0.05084745762711865
90,Asymptomatic,0.9491525423728814
90,Hospitalization,0.0
90,Severe,0.0
91,Susceptible,0.3898305084745763
91,Infected,0.01694915254237288
91,Recovered_Immune,0.5423728813559322
91,Death,0.05084745762711865
91,Asymptomatic,0.9491525423728814
91,Hospitalization,0.0
91,Severe,0.0
92,Susceptible,0.3898305084745763
92,Infected,0.01694915254237288
92,Recovered_Immune,0.5423728813559322
92,Death,0.05084745762711865
92,Asymptomatic,0.9491525423728814
92,Hospitalization,0.0
92,Severe,0.0
93,Susceptible,0.3898305084745763
93,Infected,0.01694915254237288
93,Recovered_Immune,0.5423728813559322
93,Death,0.05084745762711865
93,Asymptomatic,0.9491525423728814
93,Hospitalization,0.0
93,Severe,0.0
94,Susceptible,0.3898305084745763
94,Infected,0.01694915254237288
94,Recovered_Immune,0.5423728813559322
94,Death,0.05084745762711865
94,Asymptomatic,0.9491525423728814
94,Hospitalization,0.0
94,Severe,0.0
95,Susceptible,0.3898305084745763
95,Infected,0.01694915254237288
95,Recovered_Immune,0.5423728813559322
95,Death,0.05084745762711865
95,Asymptomatic,0.9491525423728814
95,Hospitalization,0.0
95,Severe,0.0
96,Susceptible,0.3898305084745763
96,Infected,0.01694915254237288
96,Recovered_Immune,0.5423728813559322
96,Death,0.05084745762711865
96,Asymptomatic,0.9491525423728814
96,Hospitalization,0.0
96,Severe,0.0
97,Susceptible,0.3898305084745763
97,Infected,0.01694915254237288
97,Recovered_Immune,0.5423728813559322
97,Death,0.05084745762711865
97,Asymptomatic,0.9491525423728814
97,Hospitalization,0.0
97,Severe,0.0
98,Susceptible,0.3898305084745763
98,Infected,0.01694915254237288
98,Recovered_Immune,0.5423728813559322
98,Death,0.05084745762711865
98,Asymptomatic,0.9491525423728814
98,Hospitalization,0.0
98,Severe,0.0
99,Susceptible,0.3813559322033898
99,Infected,0.025423728813559324
99,Recovered_Immune,0.5423728813559322
99,Death,0.05084745762711865
99,Asymptomatic,0.9491525423728814
99,Hospitalization,0.0
99,Severe,0.0
100,Susceptible,0.3728813559322034
100,Infected,0.03389830508474576
100,Recovered_Immune,0.5423728813559322
100,Death,0.05084745762711865
100,Asymptomatic,0.9491525423728814
100,Hospitalization,0.0
100,Severe,0.0
101,Susceptible,0.3728813559322034
101,Infected,0.025423728813559324
101,Recovered_Immune,0.5508474576271186
101,Death,0.05084745762711865
101,Asymptomatic,0.9491525423728814
101,Hospitalization,0.0
101,Severe,0.0
102,Susceptible,0.3728813559322034
102,Infected,0.025423728813559324
102,Recovered_Immune,0.5508474576271186
102,Death,0.05084745762711865
102,Asymptomatic,0.9491525423728814
102,Hospitalization,0.0
102,Severe,0.0
103,Susceptible,0.3728813559322034
103,Infected,0.025423728813559324
103,Recovered_Immune,0.5508474576271186
103,Death,0.05084745762711865
103,Asymptomatic,0.9491525423728814
103,Hospitalization,0.0
103,Severe,0.0
104,Susceptible,0.3728813559322034
104,Infected,0.025423728813559324
104,Recovered_Immune,0.5508474576271186
104,Death,0.05084745762711865
104,Asymptomatic,0.9491525423728814
104,Hospitalization,0.0
104,Severe,0.0
105,Susceptible,0.3728813559322034
105,Infected,0.025423728813559324
105,Recovered_Immune,0.5508474576271186
105,Death,0.05084745762711865
105,Asymptomatic,0.9491525423728814
105,Hospitalization,0.0
105,Severe,0.0
106,Susceptible,0.3728813559322034
106,Infected,0.01694915254237288
106,Recovered_Immune,0.559322033898305
106,Death,0.05084745762711865
106,Asymptomatic,0.9491525423728814
106,Hospitalization,0.0
106,Severe,0.0
107,Susceptible,0.3728813559322034
107,Infected,0.01694915254237288
107,Recovered_Immune,0.559322033898305
107,Death,0.05084745762711865
107,Asymptomatic,0.9491525423728814
107,Hospitalization,0.0
107,Severe,0.0
108,Susceptible,0.3728813559322034
108,Infected,0.01694915254237288
108,Recovered_Immune,0.559322033898305
108,Death,0.05084745762711865
108,Asymptomatic,0.9491525423728814
108,Hospitalization,0.0
108,Severe,0.0
109,Susceptible,0.3728813559322034
109,Infected,0.01694915254237288
109,Recovered_Immune,0.559322033898305
109,Death,0.05084745762711865
109,Asymptomatic,0.9491525423728814
109,Hospitalization,0.0
109,Severe,0.0
110,Susceptible,0.3728813559322034
110,Infected,0.01694915254237288
110,Recovered_Immune,0.559322033898305
110,Death,0.05084745762711865
110,Asymptomatic,0.9491525423728814
110,Hospitalization,0.0
110,Severe,0.0
111,Susceptible,0.3728813559322034
111,Infected,0.01694915254237288
111,Recovered_Immune,0.559322033898305
111,Death,0.05084745762711865
111,Asymptomatic,0.9491525423728814
111,Hospitalization,0.0
111,Severe,0.0
112,Susceptible,0.3728813559322034
112,Infected,0.01694915254237288
112,Recovered_Immune,0.559322033898305
112,Death,0.05084745762711865
112,Asymptomatic,0.9491525423728814
112,Hospitalization,0.0
112,Severe,0.0
113,Susceptible,0.3644067796610169
113,Infected,0.025423728813559324
113,Recovered_Immune,0.559322033898305
113,Death,0.05084745762711865
113,Asymptomatic,0.9491525423728814
113,Hospitalization,0.0
113,Severe,0.0
114,Susceptible,0.3644067796610169
114,Infected,0.025423728813559324
114,Recovered_Immune,0.559322033898305
114,Death,0.05084745762711865
114,Asymptomatic,0.9491525423728814
114,Hospitalization,0.0
114,Severe,0.0
115,Susceptible,0.3644067796610169
115,Infected,0.025423728813559324
115,Recovered_Immune,0.559322033898305
115,Death,0.05084745762711865
115,Asymptomatic,0.9491525423728814
115,Hospitalization,0.0
115,Severe,0.0
116,Susceptible,0.3644067796610169
116,Infected,0.025423728813559324
116,Recovered_Immune,0.559322033898305
116,Death,0.05084745762711865
116,Asymptomatic,0.9491525423728814
116,Hospitalization,0.0
116,Severe,0.0
117,Susceptible,0.3644067796610169
117,Infected,0.025423728813559324
117,Recovered_Immune,0.559322033898305
117,Death,0.05084745762711865
117,Asymptomatic,0.9491525423728814
117,Hospitalization,0.0
117,Severe,0.0
118,Susceptible,0.3559322033898305
118,Infected,0.03389830508474576
118,Recovered_Immune,0.559322033898305
118,Death,0.05084745762711865
118,Asymptomatic,0.9491525423728814
118,Hospitalization,0.0
118,Severe,0.0
119,Susceptible,0.3559322033898305
119,Infected,0.03389830508474576
119,Recovered_Immune,0.559322033898305
119,Death,0.05084745762711865
119,Asymptomatic,0.9491525423728814
119,Hospitalization,0.0
119,Severe,0.0
120,Susceptible,0.3559322033898305
120,Infected,0.025423728813559324
120,Recovered_Immune,0.5677966101694916
120,Death,0.05084745762711865
120,Asymptomatic,0.9491525423728814
120,Hospitalization,0.0
120,Severe,0.0
121,Susceptible,0.3559322033898305
121,Infected,0.01694915254237288
121,Recovered_Immune,0.576271186440678
121,Death,0.05084745762711865
121,Asymptomatic,0.9491525423728814
121,Hospitalization,0.0
121,Severe,0.0
122,Susceptible,0.3559322033898305
122,Infected,0.01694915254237288
122,Recovered_Immune,0.576271186440678
122,Death,0.05084745762711865
122,Asymptomatic,0.9491525423728814
122,Hospitalization,0.0
122,Severe,0.0
123,Susceptible,0.3559322033898305
123,Infected,0.01694915254237288
123,Recovered_Immune,0.576271186440678
123,Death,0.05084745762711865
123,Asymptomatic,0.9491525423728814
123,Hospitalization,0.0
123,Severe,0.0
124,Susceptible,0.3559322033898305
124,Infected,0.01694915254237288
124,Recovered_Immune,0.576271186440678
124,Death,0.05084745762711865
124,Asymptomatic,0.9491525423728814
124,Hospitalization,0.0
124,Severe,0.0
125,Susceptible,0.3559322033898305
125,Infected,0.01694915254237288
125,Recovered_Immune,0.576271186440678
125,Death,0.05084745762711865
125,Asymptomatic,0.940677966101695
125,Hospitalization,0.00847457627118644
125,Severe,0.0
126,Susceptible,0.3559322033898305
126,Infected,0.01694915254237288
126,Recovered_Immune,0.576271186440678
126,Death,0.05084745762711865
126,Asymptomatic,0.940677966101695
126,Hospitalization,0.00847457627118644
126,Severe,0.0
127,Susceptible,0.3559322033898305
127,Infected,0.01694915254237288
127,Recovered_Immune,0.576271186440678
127,Death,0.05084745762711865
127,Asymptomatic,0.940677966101695
127,Hospitalization,0.00847457627118644
127,Severe,0.0
128,Susceptible,0.3559322033898305
128,Infected,0.01694915254237288
128,Recovered_Immune,0.576271186440678
128,Death,0.05084745762711865
128,Asymptomatic,0.940677966101695
128,Hospitalization,0.00847457627118644
128,Severe,0.0
129,Susceptible,0.3559322033898305
129,Infected,0.01694915254237288
129,Recovered_Immune,0.576271186440678
129,Death,0.05084745762711865
129,Asymptomatic,0.940677966101695
129,Hospitalization,0.00847457627118644
129,Severe,0.0
130,Susceptible,0.3559322033898305
130,Infected,0.01694915254237288
130,Recovered_Immune,0.576271186440678
130,Death,0.05084745762711865
130,Asymptomatic,0.940677966101695
130,Hospitalization,0.00847457627118644
130,Severe,0.0
131,Susceptible,0.3559322033898305
131,Infected,0.01694915254237288
131,Recovered_Immune,0.576271186440678
131,Death,0.05084745762711865
131,Asymptomatic,0.940677966101695
131,Hospitalization,0.00847457627118644
131,Severe,0.0
132,Susceptible,0.3559322033898305
132,Infected,0.01694915254237288
132,Recovered_Immune,0.576271186440678
132,Death,0.05084745762711865
132,Asymptomatic,0.940677966101695
132,Hospitalization,0.00847457627118644
132,Severe,0.0
133,Susceptible,0.3559322033898305
133,Infected,0.01694915254237288
133,Recovered_Immune,0.576271186440678
133,Death,0.05084745762711865
133,Asymptomatic,0.940677966101695
133,Hospitalization,0.00847457627118644
133,Severe,0.0
134,Susceptible,0.3559322033898305
134,Infected,0.00847457627118644
134,Recovered_Immune,0.5847457627118644
134,Death,0.05084745762711865
134,Asymptomatic,0.940677966101695
134,Hospitalization,0.00847457627118644
134,Severe,0.0
