Iteration,Metric,Avg
0,Susceptible,0.923728813559322
0,Infected,0.025423728813559324
0,Recovered_Immune,0.05084745762711865
0,Death,0.0
0,Asymptomatic,1.0
0,Hospitalization,0.0
0,Severe,0.0
1,Susceptible,0.8983050847457628
1,Infected,0.05084745762711865
1,Recovered_Immune,0.05084745762711865
1,Death,0.0
1,Asymptomatic,1.0
1,Hospitalization,0.0
1,Severe,0.0
2,Susceptible,0.8305084745762712
2,Infected,0.11864406779661017
2,Recovered_Immune,0.05084745762711865
2,Death,0.0
2,Asymptomatic,1.0
2,Hospitalization,0.0
2,Severe,0.0
3,Susceptible,0.7457627118644068
3,Infected,0.2033898305084746
3,Recovered_Immune,0.05084745762711865
3,Death,0.0
3,Asymptomatic,1.0
3,Hospitalization,0.0
3,Severe,0.0
4,Susceptible,0.559322033898305
4,Infected,0.3898305084745763
4,Recovered_Immune,0.05084745762711865
4,Death,0.0
4,Asymptomatic,1.0
4,Hospitalization,0.0
4,Severe,0.0
5,Susceptible,0.423728813559322
5,Infected,0.5254237288135594
5,Recovered_Immune,0.05084745762711865
5,Death,0.0
5,Asymptomatic,1.0
5,Hospitalization,0.0
5,Severe,0.0
6,Susceptible,0.4152542372881356
6,Infected,0.5338983050847458
6,Recovered_Immune,0.05084745762711865
6,Death,0.0
6,Asymptomatic,1.0
6,Hospitalization,0.0
6,Severe,0.0
7,Susceptible,0.3983050847457627
7,Infected,0.5508474576271186
7,Recovered_Immune,0.05084745762711865
7,Death,0.0
7,Asymptomatic,0.9915254237288136
7,Hospitalization,0.00847457627118644
7,Severe,0.0
8,Susceptible,0.3898305084745763
8,Infected,0.559322033898305
8,Recovered_Immune,0.05084745762711865
8,Death,0.0
8,Asymptomatic,0.9745762711864406
8,Hospitalization,0.025423728813559324
8,Severe,0.0
9,Susceptible,0.3813559322033898
9,Infected,0.5677966101694916
9,Recovered_Immune,0.05084745762711865
9,Death,0.0
9,Asymptomatic,0.9745762711864406
9,Hospitalization,0.025423728813559324
9,Severe,0.0
10,Susceptible,0.3728813559322034
10,Infected,0.576271186440678
10,Recovered_Immune,0.05084745762711865
10,Death,0.0
10,Asymptomatic,0.9661016949152542
10,Hospitalization,0.03389830508474576
10,Severe,0.0
11,Susceptible,0.3559322033898305
11,Infected,0.5932203389830508
11,Recovered_Immune,0.05084745762711865
11,Death,0.0
11,Asymptomatic,0.9661016949152542
11,Hospitalization,0.03389830508474576
11,Severe,0.0
12,Susceptible,0.3389830508474576
12,Infected,0.6101694915254238
12,Recovered_Immune,0.05084745762711865
12,Death,0.0
12,Asymptomatic,0.9576271186440678
12,Hospitalization,0.0423728813559322
12,Severe,0.0
13,Susceptible,0.3220338983050847
13,Infected,0.6271186440677966
13,Recovered_Immune,0.05084745762711865
13,Death,0.0
13,Asymptomatic,0.9576271186440678
13,Hospitalization,0.0423728813559322
13,Severe,0.0
14,Susceptible,0.3135593220338983
14,Infected,0.635593220338983
14,Recovered_Immune,0.05084745762711865
14,Death,0.0
14,Asymptomatic,0.9576271186440678
14,Hospitalization,0.03389830508474576
14,Severe,0.00847457627118644
15,Susceptible,0.3135593220338983
15,Infected,0.635593220338983
15,Recovered_Immune,0.05084745762711865
15,Death,0.0
15,Asymptomatic,0.940677966101695
15,Hospitalization,0.05084745762711865
15,Severe,0.00847457627118644
16,Susceptible,0.3050847457627119
16,Infected,0.6271186440677966
16,Recovered_Immune,0.05084745762711865
16,Death,0.01694915254237288
16,Asymptomatic,0.9322033898305084
16,Hospitalization,0.0423728813559322
16,Severe,0.00847457627118644
17,Susceptible,0.2966101694915254
17,Infected,0.6271186440677966
17,Recovered_Immune,0.05084745762711865
17,Death,0.025423728813559324
17,Asymptomatic,0.923728813559322
17,Hospitalization,0.0423728813559322
17,Severe,0.00847457627118644
18,Susceptible,0.288135593220339
18,Infected,0.635593220338983
18,Recovered_Immune,0.05084745762711865
18,Death,0.025423728813559324
18,Asymptomatic,0.923728813559322
18,Hospitalization,0.0423728813559322
18,Severe,0.00847457627118644
19,Susceptible,0.288135593220339
19,Infected,0.6271186440677966
19,Recovered_Immune,0.05084745762711865
19,Death,0.03389830508474576
19,Asymptomatic,0.9152542372881356
19,Hospitalization,0.0423728813559322
19,Severe,0.00847457627118644
20,Susceptible,0.2796610169491525
20,Infected,0.6186440677966102
20,Recovered_Immune,0.059322033898305086
20,Death,0.0423728813559322
20,Asymptomatic,0.8983050847457628
20,Hospitalization,0.05084745762711865
20,Severe,0.00847457627118644
21,Susceptible,0.2711864406779661
21,Infected,0.6101694915254238
21,Recovered_Immune,0.07627118644067797
21,Death,0.0423728813559322
21,Asymptomatic,0.8898305084745762
21,Hospitalization,0.06779661016949153
21,Severe,0.0
22,Susceptible,0.2711864406779661
22,Infected,0.5677966101694916
22,Recovered_Immune,0.1016949152542373
22,Death,0.059322033898305086
22,Asymptomatic,0.8898305084745762
22,Hospitalization,0.05084745762711865
22,Severe,0.0
23,Susceptible,0.2711864406779661
23,Infected,0.4915254237288136
23,Recovered_Immune,0.1694915254237288
23,Death,0.06779661016949153
23,Asymptomatic,0.9067796610169492
23,Hospitalization,0.025423728813559324
23,Severe,0.0
24,Susceptible,0.2711864406779661
24,Infected,0.4067796610169492
24,Recovered_Immune,0.2542372881355932
24,Death,0.06779661016949153
24,Asymptomatic,0.8983050847457628
24,Hospitalization,0.03389830508474576
24,Severe,0.0
25,Susceptible,0.2711864406779661
25,Infected,0.23728813559322035
25,Recovered_Immune,0.423728813559322
25,Death,0.06779661016949153
25,Asymptomatic,0.9152542372881356
25,Hospitalization,0.01694915254237288
25,Severe,0.0
26,Susceptible,0.2711864406779661
26,Infected,0.13559322033898305
26,Recovered_Immune,0.5254237288135594
26,Death,0.06779661016949153
26,Asymptomatic,0.923728813559322
26,Hospitalization,0.00847457627118644
26,Severe,0.0
27,Susceptible,0.2627118644067797
27,Infected,0.1271186440677966
27,Recovered_Immune,0.5338983050847458
27,Death,0.07627118644067797
27,Asymptomatic,0.9152542372881356
27,Hospitalization,0.00847457627118644
27,Severe,0.0
28,Susceptible,0.2627118644067797
28,Infected,0.11864406779661017
28,Recovered_Immune,0.5423728813559322
28,Death,0.07627118644067797
28,Asymptomatic,0.9152542372881356
28,Hospitalization,0.00847457627118644
28,Severe,0.0
29,Susceptible,0.2627118644067797
29,Infected,0.11016949152542373
29,Recovered_Immune,0.5508474576271186
29,Death,0.07627118644067797
29,Asymptomatic,0.9152542372881356
29,Hospitalization,0.00847457627118644
29,Severe,0.0
30,Susceptible,0.2627118644067797
30,Infected,0.1016949152542373
30,Recovered_Immune,0.559322033898305
30,Death,0.07627118644067797
30,Asymptomatic,0.9152542372881356
30,Hospitalization,0.00847457627118644
30,Severe,0.0
31,Susceptible,0.2627118644067797
31,Infected,0.09322033898305085
31,Recovered_Immune,0.5677966101694916
31,Death,0.07627118644067797
31,Asymptomatic,0.9067796610169492
31,Hospitalization,0.01694915254237288
31,Severe,0.0
32,Susceptible,0.2627118644067797
32,Infected,0.07627118644067797
32,Recovered_Immune,0.5847457627118644
32,Death,0.07627118644067797
32,Asymptomatic,0.9152542372881356
32,Hospitalization,0.00847457627118644
32,Severe,0.0
33,Susceptible,0.2542372881355932
33,Infected,0.07627118644067797
33,Recovered_Immune,0.5932203389830508
33,Death,0.07627118644067797
33,Asymptomatic,0.9152542372881356
33,Hospitalization,0.00847457627118644
33,Severe,0.0
34,Susceptible,0.2542372881355932
34,Infected,0.059322033898305086
34,Recovered_Immune,0.6101694915254238
34,Death,0.07627118644067797
34,Asymptomatic,0.9152542372881356
34,Hospitalization,0.00847457627118644
34,Severe,0.0
35,Susceptible,0.2457627118644068
35,Infected,0.059322033898305086
35,Recovered_Immune,0.6186440677966102
35,Death,0.07627118644067797
35,Asymptomatic,0.9152542372881356
35,Hospitalization,0.00847457627118644
35,Severe,0.0
36,Susceptible,0.2457627118644068
36,Infected,0.059322033898305086
36,Recovered_Immune,0.6186440677966102
36,Death,0.07627118644067797
36,Asymptomatic,0.9067796610169492
36,Hospitalization,0.01694915254237288
36,Severe,0.0
37,Susceptible,0.2457627118644068
37,Infected,0.05084745762711865
37,Recovered_Immune,0.6271186440677966
37,Death,0.07627118644067797
37,Asymptomatic,0.9067796610169492
37,Hospitalization,0.01694915254237288
37,Severe,0.0
38,Susceptible,0.2457627118644068
38,Infected,0.0423728813559322
38,Recovered_Immune,0.635593220338983
38,Death,0.07627118644067797
38,Asymptomatic,0.9067796610169492
38,Hospitalization,0.01694915254237288
38,Severe,0.0
39,Susceptible,0.23728813559322035
39,Infected,0.0423728813559322
39,Recovered_Immune,0.6440677966101694
39,Death,0.07627118644067797
39,Asymptomatic,0.9067796610169492
39,Hospitalization,0.01694915254237288
39,Severe,0.0
40,Susceptible,0.23728813559322035
40,Infected,0.0423728813559322
40,Recovered_Immune,0.6440677966101694
40,Death,0.07627118644067797
40,Asymptomatic,0.9067796610169492
40,Hospitalization,0.01694915254237288
40,Severe,0.0
41,Susceptible,0.23728813559322035
41,Infected,0.0423728813559322
41,Recovered_Immune,0.6440677966101694
41,Death,0.07627118644067797
41,Asymptomatic,0.9067796610169492
41,Hospitalization,0.00847457627118644
41,Severe,0.00847457627118644
42,Susceptible,0.23728813559322035
42,Infected,0.03389830508474576
42,Recovered_Immune,0.652542372881356
42,Death,0.07627118644067797
42,Asymptomatic,0.9152542372881356
42,Hospitalization,0.0
42,Severe,0.00847457627118644
43,Susceptible,0.23728813559322035
43,Infected,0.03389830508474576
43,Recovered_Immune,0.652542372881356
43,Death,0.07627118644067797
43,Asymptomatic,0.9152542372881356
43,Hospitalization,0.0
43,Severe,0.00847457627118644
44,Susceptible,0.23728813559322035
44,Infected,0.03389830508474576
44,Recovered_Immune,0.652542372881356
44,Death,0.07627118644067797
44,Asymptomatic,0.9152542372881356
44,Hospitalization,0.0
44,Severe,0.00847457627118644
45,Susceptible,0.23728813559322035
45,Infected,0.03389830508474576
45,Recovered_Immune,0.652542372881356
45,Death,0.07627118644067797
45,Asymptomatic,0.9067796610169492
45,Hospitalization,0.00847457627118644
45,Severe,0.00847457627118644
46,Susceptible,0.2288135593220339
46,Infected,0.0423728813559322
46,Recovered_Immune,0.652542372881356
46,Death,0.07627118644067797
46,Asymptomatic,0.9067796610169492
46,Hospitalization,0.00847457627118644
46,Severe,0.00847457627118644
47,Susceptible,0.2288135593220339
47,Infected,0.0423728813559322
47,Recovered_Immune,0.652542372881356
47,Death,0.07627118644067797
47,Asymptomatic,0.9067796610169492
47,Hospitalization,0.00847457627118644
47,Severe,0.00847457627118644
48,Susceptible,0.2288135593220339
48,Infected,0.03389830508474576
48,Recovered_Immune,0.6610169491525424
48,Death,0.07627118644067797
48,Asymptomatic,0.9067796610169492
48,Hospitalization,0.00847457627118644
48,Severe,0.00847457627118644
49,Susceptible,0.2288135593220339
49,Infected,0.03389830508474576
49,Recovered_Immune,0.6610169491525424
49,Death,0.07627118644067797
49,Asymptomatic,0.9067796610169492
49,Hospitalization,0.00847457627118644
49,Severe,0.00847457627118644
50,Susceptible,0.2288135593220339
50,Infected,0.03389830508474576
50,Recovered_Immune,0.6610169491525424
50,Death,0.07627118644067797
50,Asymptomatic,0.9067796610169492
50,Hospitalization,0.00847457627118644
50,Severe,0.00847457627118644
51,Susceptible,0.2288135593220339
51,Infected,0.03389830508474576
51,Recovered_Immune,0.6610169491525424
51,Death,0.07627118644067797
51,Asymptomatic,0.9067796610169492
51,Hospitalization,0.00847457627118644
51,Severe,0.00847457627118644
52,Susceptible,0.2288135593220339
52,Infected,0.03389830508474576
52,Recovered_Immune,0.6610169491525424
52,Death,0.07627118644067797
52,Asymptomatic,0.9067796610169492
52,Hospitalization,0.0
52,Severe,0.01694915254237288
53,Susceptible,0.2288135593220339
53,Infected,0.03389830508474576
53,Recovered_Immune,0.6610169491525424
53,Death,0.07627118644067797
53,Asymptomatic,0.8983050847457628
53,Hospitalization,0.00847457627118644
53,Severe,0.01694915254237288
54,Susceptible,0.2288135593220339
54,Infected,0.025423728813559324
54,Recovered_Immune,0.6694915254237288
54,Death,0.07627118644067797
54,Asymptomatic,0.9067796610169492
54,Hospitalization,0.00847457627118644
54,Severe,0.00847457627118644
55,Susceptible,0.2288135593220339
55,Infected,0.025423728813559324
55,Recovered_Immune,0.6694915254237288
55,Death,0.07627118644067797
55,Asymptomatic,0.9067796610169492
55,Hospitalization,0.00847457627118644
55,Severe,0.00847457627118644
56,Susceptible,0.2288135593220339
56,Infected,0.01694915254237288
56,Recovered_Immune,0.6779661016949152
56,Death,0.07627118644067797
56,Asymptomatic,0.9067796610169492
56,Hospitalization,0.00847457627118644
56,Severe,0.00847457627118644
57,Susceptible,0.2288135593220339
57,Infected,0.01694915254237288
57,Recovered_Immune,0.6779661016949152
57,Death,0.07627118644067797
57,Asymptomatic,0.9067796610169492
57,Hospitalization,0.00847457627118644
57,Severe,0.00847457627118644
58,Susceptible,0.2288135593220339
58,Infected,0.01694915254237288
58,Recovered_Immune,0.6779661016949152
58,Death,0.07627118644067797
58,Asymptomatic,0.9067796610169492
58,Hospitalization,0.00847457627118644
58,Severe,0.00847457627118644
59,Susceptible,0.2288135593220339
59,Infected,0.01694915254237288
59,Recovered_Immune,0.6779661016949152
59,Death,0.07627118644067797
59,Asymptomatic,0.9067796610169492
59,Hospitalization,0.00847457627118644
59,Severe,0.00847457627118644
60,Susceptible,0.2288135593220339
60,Infected,0.00847457627118644
60,Recovered_Immune,0.6864406779661016
60,Death,0.07627118644067797
60,Asymptomatic,0.9152542372881356
60,Hospitalization,0.00847457627118644
60,Severe,0.0
61,Susceptible,0.2288135593220339
61,Infected,0.00847457627118644
61,Recovered_Immune,0.6864406779661016
61,Death,0.07627118644067797
61,Asymptomatic,0.9152542372881356
61,Hospitalization,0.0
61,Severe,0.00847457627118644
62,Susceptible,0.2288135593220339
62,Infected,0.00847457627118644
62,Recovered_Immune,0.6864406779661016
62,Death,0.07627118644067797
62,Asymptomatic,0.9152542372881356
62,Hospitalization,0.0
62,Severe,0.00847457627118644
63,Susceptible,0.2288135593220339
63,Infected,0.00847457627118644
63,Recovered_Immune,0.6864406779661016
63,Death,0.07627118644067797
63,Asymptomatic,0.9152542372881356
63,Hospitalization,0.0
63,Severe,0.00847457627118644
64,Susceptible,0.2288135593220339
64,Infected,0.00847457627118644
64,Recovered_Immune,0.6864406779661016
64,Death,0.07627118644067797
64,Asymptomatic,0.9152542372881356
64,Hospitalization,0.0
64,Severe,0.00847457627118644
65,Susceptible,0.2288135593220339
65,Infected,0.00847457627118644
65,Recovered_Immune,0.6864406779661016
65,Death,0.07627118644067797
65,Asymptomatic,0.9152542372881356
65,Hospitalization,0.0
65,Severe,0.00847457627118644
66,Susceptible,0.2288135593220339
66,Infected,0.00847457627118644
66,Recovered_Immune,0.6864406779661016
66,Death,0.07627118644067797
66,Asymptomatic,0.9152542372881356
66,Hospitalization,0.0
66,Severe,0.00847457627118644
67,Susceptible,0.2288135593220339
67,Infected,0.0
67,Recovered_Immune,0.6949152542372882
67,Death,0.07627118644067797
67,Asymptomatic,0.923728813559322
67,Hospitalization,0.0
67,Severe,0.0
68,Susceptible,0.2288135593220339
68,Infected,0.0
68,Recovered_Immune,0.6949152542372882
68,Death,0.07627118644067797
68,Asymptomatic,0.923728813559322
68,Hospitalization,0.0
68,Severe,0.0
69,Susceptible,0.2288135593220339
69,Infected,0.0
69,Recovered_Immune,0.6949152542372882
69,Death,0.07627118644067797
69,Asymptomatic,0.923728813559322
69,Hospitalization,0.0
69,Severe,0.0
70,Susceptible,0.2288135593220339
70,Infected,0.0
70,Recovered_Immune,0.6949152542372882
70,Death,0.07627118644067797
70,Asymptomatic,0.923728813559322
70,Hospitalization,0.0
70,Severe,0.0
71,Susceptible,0.2288135593220339
71,Infected,0.0
71,Recovered_Immune,0.6949152542372882
71,Death,0.07627118644067797
71,Asymptomatic,0.923728813559322
71,Hospitalization,0.0
71,Severe,0.0
72,Susceptible,0.2288135593220339
72,Infected,0.0
72,Recovered_Immune,0.6949152542372882
72,Death,0.07627118644067797
72,Asymptomatic,0.923728813559322
72,Hospitalization,0.0
72,Severe,0.0
73,Susceptible,0.2288135593220339
73,Infected,0.0
73,Recovered_Immune,0.6949152542372882
73,Death,0.07627118644067797
73,Asymptomatic,0.923728813559322
73,Hospitalization,0.0
73,Severe,0.0
74,Susceptible,0.2288135593220339
74,Infected,0.0
74,Recovered_Immune,0.6949152542372882
74,Death,0.07627118644067797
74,Asymptomatic,0.923728813559322
74,Hospitalization,0.0
74,Severe,0.0
75,Susceptible,0.2288135593220339
75,Infected,0.0
75,Recovered_Immune,0.6949152542372882
75,Death,0.07627118644067797
75,Asymptomatic,0.923728813559322
75,Hospitalization,0.0
75,Severe,0.0
76,Susceptible,0.2288135593220339
76,Infected,0.0
76,Recovered_Immune,0.6949152542372882
76,Death,0.07627118644067797
76,Asymptomatic,0.923728813559322
76,Hospitalization,0.0
76,Severe,0.0
77,Susceptible,0.2288135593220339
77,Infected,0.0
77,Recovered_Immune,0.6949152542372882
77,Death,0.07627118644067797
77,Asymptomatic,0.923728813559322
77,Hospitalization,0.0
77,Severe,0.0
78,Susceptible,0.2288135593220339
78,Infected,0.0
78,Recovered_Immune,0.6949152542372882
78,Death,0.07627118644067797
78,Asymptomatic,0.923728813559322
78,Hospitalization,0.0
78,Severe,0.0
79,Susceptible,0.2288135593220339
79,Infected,0.0
79,Recovered_Immune,0.6949152542372882
79,Death,0.07627118644067797
79,Asymptomatic,0.923728813559322
79,Hospitalization,0.0
79,Severe,0.0
80,Susceptible,0.2288135593220339
80,Infected,0.0
80,Recovered_Immune,0.6949152542372882
80,Death,0.07627118644067797
80,Asymptomatic,0.923728813559322
80,Hospitalization,0.0
80,Severe,0.0
81,Susceptible,0.2288135593220339
81,Infected,0.0
81,Recovered_Immune,0.6949152542372882
81,Death,0.07627118644067797
81,Asymptomatic,0.923728813559322
81,Hospitalization,0.0
81,Severe,0.0
82,Susceptible,0.2288135593220339
82,Infected,0.0
82,Recovered_Immune,0.6949152542372882
82,Death,0.07627118644067797
82,Asymptomatic,0.923728813559322
82,Hospitalization,0.0
82,Severe,0.0
83,Susceptible,0.2288135593220339
83,Infected,0.0
83,Recovered_Immune,0.6949152542372882
83,Death,0.07627118644067797
83,Asymptomatic,0.923728813559322
83,Hospitalization,0.0
83,Severe,0.0
84,Susceptible,0.2288135593220339
84,Infected,0.0
84,Recovered_Immune,0.6949152542372882
84,Death,0.07627118644067797
84,Asymptomatic,0.923728813559322
84,Hospitalization,0.0
84,Severe,0.0
85,Susceptible,0.2288135593220339
85,Infected,0.0
85,Recovered_Immune,0.6949152542372882
85,Death,0.07627118644067797
85,Asymptomatic,0.923728813559322
85,Hospitalization,0.0
85,Severe,0.0
86,Susceptible,0.2288135593220339
86,Infected,0.0
86,Recovered_Immune,0.6949152542372882
86,Death,0.07627118644067797
86,Asymptomatic,0.923728813559322
86,Hospitalization,0.0
86,Severe,0.0
87,Susceptible,0.2288135593220339
87,Infected,0.0
87,Recovered_Immune,0.6949152542372882
87,Death,0.07627118644067797
87,Asymptomatic,0.923728813559322
87,Hospitalization,0.0
87,Severe,0.0
88,Susceptible,0.2288135593220339
88,Infected,0.0
88,Recovered_Immune,0.6949152542372882
88,Death,0.07627118644067797
88,Asymptomatic,0.923728813559322
88,Hospitalization,0.0
88,Severe,0.0
89,Susceptible,0.2288135593220339
89,Infected,0.0
89,Recovered_Immune,0.6949152542372882
89,Death,0.07627118644067797
89,Asymptomatic,0.923728813559322
89,Hospitalization,0.0
89,Severe,0.0
90,Susceptible,0.2288135593220339
90,Infected,0.0
90,Recovered_Immune,0.6949152542372882
90,Death,0.07627118644067797
90,Asymptomatic,0.923728813559322
90,Hospitalization,0.0
90,Severe,0.0
91,Susceptible,0.2288135593220339
91,Infected,0.0
91,Recovered_Immune,0.6949152542372882
91,Death,0.07627118644067797
91,Asymptomatic,0.923728813559322
91,Hospitalization,0.0
91,Severe,0.0
92,Susceptible,0.2288135593220339
92,Infected,0.0
92,Recovered_Immune,0.6949152542372882
92,Death,0.07627118644067797
92,Asymptomatic,0.923728813559322
92,Hospitalization,0.0
92,Severe,0.0
93,Susceptible,0.2288135593220339
93,Infected,0.0
93,Recovered_Immune,0.6949152542372882
93,Death,0.07627118644067797
93,Asymptomatic,0.923728813559322
93,Hospitalization,0.0
93,Severe,0.0
94,Susceptible,0.2288135593220339
94,Infected,0.0
94,Recovered_Immune,0.6949152542372882
94,Death,0.07627118644067797
94,Asymptomatic,0.923728813559322
94,Hospitalization,0.0
94,Severe,0.0
95,Susceptible,0.2288135593220339
95,Infected,0.0
95,Recovered_Immune,0.6949152542372882
95,Death,0.07627118644067797
95,Asymptomatic,0.923728813559322
95,Hospitalization,0.0
95,Severe,0.0
96,Susceptible,0.2288135593220339
96,Infected,0.0
96,Recovered_Immune,0.6949152542372882
96,Death,0.07627118644067797
96,Asymptomatic,0.923728813559322
96,Hospitalization,0.0
96,Severe,0.0
97,Susceptible,0.2288135593220339
97,Infected,0.0
97,Recovered_Immune,0.6949152542372882
97,Death,0.07627118644067797
97,Asymptomatic,0.923728813559322
97,Hospitalization,0.0
97,Severe,0.0
98,Susceptible,0.2288135593220339
98,Infected,0.0
98,Recovered_Immune,0.6949152542372882
98,Death,0.07627118644067797
98,Asymptomatic,0.923728813559322
98,Hospitalization,0.0
98,Severe,0.0
99,Susceptible,0.2288135593220339
99,Infected,0.0
99,Recovered_Immune,0.6949152542372882
99,Death,0.07627118644067797
99,Asymptomatic,0.923728813559322
99,Hospitalization,0.0
99,Severe,0.0
100,Susceptible,0.2288135593220339
100,Infected,0.0
100,Recovered_Immune,0.6949152542372882
100,Death,0.07627118644067797
100,Asymptomatic,0.923728813559322
100,Hospitalization,0.0
100,Severe,0.0
101,Susceptible,0.2288135593220339
101,Infected,0.0
101,Recovered_Immune,0.6949152542372882
101,Death,0.07627118644067797
101,Asymptomatic,0.923728813559322
101,Hospitalization,0.0
101,Severe,0.0
102,Susceptible,0.2288135593220339
102,Infected,0.0
102,Recovered_Immune,0.6949152542372882
102,Death,0.07627118644067797
102,Asymptomatic,0.923728813559322
102,Hospitalization,0.0
102,Severe,0.0
103,Susceptible,0.2288135593220339
103,Infected,0.0
103,Recovered_Immune,0.6949152542372882
103,Death,0.07627118644067797
103,Asymptomatic,0.923728813559322
103,Hospitalization,0.0
103,Severe,0.0
104,Susceptible,0.2288135593220339
104,Infected,0.0
104,Recovered_Immune,0.6949152542372882
104,Death,0.07627118644067797
104,Asymptomatic,0.923728813559322
104,Hospitalization,0.0
104,Severe,0.0
105,Susceptible,0.2288135593220339
105,Infected,0.0
105,Recovered_Immune,0.6949152542372882
105,Death,0.07627118644067797
105,Asymptomatic,0.923728813559322
105,Hospitalization,0.0
105,Severe,0.0
106,Susceptible,0.2288135593220339
106,Infected,0.0
106,Recovered_Immune,0.6949152542372882
106,Death,0.07627118644067797
106,Asymptomatic,0.923728813559322
106,Hospitalization,0.0
106,Severe,0.0
107,Susceptible,0.2288135593220339
107,Infected,0.0
107,Recovered_Immune,0.6949152542372882
107,Death,0.07627118644067797
107,Asymptomatic,0.923728813559322
107,Hospitalization,0.0
107,Severe,0.0
108,Susceptible,0.2288135593220339
108,Infected,0.0
108,Recovered_Immune,0.6949152542372882
108,Death,0.07627118644067797
108,Asymptomatic,0.923728813559322
108,Hospitalization,0.0
108,Severe,0.0
109,Susceptible,0.2288135593220339
109,Infected,0.0
109,Recovered_Immune,0.6949152542372882
109,Death,0.07627118644067797
109,Asymptomatic,0.923728813559322
109,Hospitalization,0.0
109,Severe,0.0
110,Susceptible,0.2288135593220339
110,Infected,0.0
110,Recovered_Immune,0.6949152542372882
110,Death,0.07627118644067797
110,Asymptomatic,0.923728813559322
110,Hospitalization,0.0
110,Severe,0.0
111,Susceptible,0.2288135593220339
111,Infected,0.0
111,Recovered_Immune,0.6949152542372882
111,Death,0.07627118644067797
111,Asymptomatic,0.923728813559322
111,Hospitalization,0.0
111,Severe,0.0
112,Susceptible,0.2288135593220339
112,Infected,0.0
112,Recovered_Immune,0.6949152542372882
112,Death,0.07627118644067797
112,Asymptomatic,0.923728813559322
112,Hospitalization,0.0
112,Severe,0.0
113,Susceptible,0.2288135593220339
113,Infected,0.0
113,Recovered_Immune,0.6949152542372882
113,Death,0.07627118644067797
113,Asymptomatic,0.923728813559322
113,Hospitalization,0.0
113,Severe,0.0
114,Susceptible,0.2288135593220339
114,Infected,0.0
114,Recovered_Immune,0.6949152542372882
114,Death,0.07627118644067797
114,Asymptomatic,0.923728813559322
114,Hospitalization,0.0
114,Severe,0.0
115,Susceptible,0.2288135593220339
115,Infected,0.0
115,Recovered_Immune,0.6949152542372882
115,Death,0.07627118644067797
115,Asymptomatic,0.923728813559322
115,Hospitalization,0.0
115,Severe,0.0
116,Susceptible,0.2288135593220339
116,Infected,0.0
116,Recovered_Immune,0.6949152542372882
116,Death,0.07627118644067797
116,Asymptomatic,0.923728813559322
116,Hospitalization,0.0
116,Severe,0.0
117,Susceptible,0.2288135593220339
117,Infected,0.0
117,Recovered_Immune,0.6949152542372882
117,Death,0.07627118644067797
117,Asymptomatic,0.923728813559322
117,Hospitalization,0.0
117,Severe,0.0
118,Susceptible,0.2288135593220339
118,Infected,0.0
118,Recovered_Immune,0.6949152542372882
118,Death,0.07627118644067797
118,Asymptomatic,0.923728813559322
118,Hospitalization,0.0
118,Severe,0.0
119,Susceptible,0.2288135593220339
119,Infected,0.0
119,Recovered_Immune,0.6949152542372882
119,Death,0.07627118644067797
119,Asymptomatic,0.923728813559322
119,Hospitalization,0.0
119,Severe,0.0
120,Susceptible,0.2288135593220339
120,Infected,0.0
120,Recovered_Immune,0.6949152542372882
120,Death,0.07627118644067797
120,Asymptomatic,0.923728813559322
120,Hospitalization,0.0
120,Severe,0.0
121,Susceptible,0.2288135593220339
121,Infected,0.0
121,Recovered_Immune,0.6949152542372882
121,Death,0.07627118644067797
121,Asymptomatic,0.923728813559322
121,Hospitalization,0.0
121,Severe,0.0
122,Susceptible,0.2288135593220339
122,Infected,0.0
122,Recovered_Immune,0.6949152542372882
122,Death,0.07627118644067797
122,Asymptomatic,0.923728813559322
122,Hospitalization,0.0
122,Severe,0.0
123,Susceptible,0.2288135593220339
123,Infected,0.0
123,Recovered_Immune,0.6949152542372882
123,Death,0.07627118644067797
123,Asymptomatic,0.923728813559322
123,Hospitalization,0.0
123,Severe,0.0
124,Susceptible,0.2288135593220339
124,Infected,0.0
124,Recovered_Immune,0.6949152542372882
124,Death,0.07627118644067797
124,Asymptomatic,0.923728813559322
124,Hospitalization,0.0
124,Severe,0.0
125,Susceptible,0.2288135593220339
125,Infected,0.0
125,Recovered_Immune,0.6949152542372882
125,Death,0.07627118644067797
125,Asymptomatic,0.923728813559322
125,Hospitalization,0.0
125,Severe,0.0
126,Susceptible,0.2288135593220339
126,Infected,0.0
126,Recovered_Immune,0.6949152542372882
126,Death,0.07627118644067797
126,Asymptomatic,0.923728813559322
126,Hospitalization,0.0
126,Severe,0.0
127,Susceptible,0.2288135593220339
127,Infected,0.0
127,Recovered_Immune,0.6949152542372882
127,Death,0.07627118644067797
127,Asymptomatic,0.923728813559322
127,Hospitalization,0.0
127,Severe,0.0
128,Susceptible,0.2288135593220339
128,Infected,0.0
128,Recovered_Immune,0.6949152542372882
128,Death,0.07627118644067797
128,Asymptomatic,0.923728813559322
128,Hospitalization,0.0
128,Severe,0.0
129,Susceptible,0.2288135593220339
129,Infected,0.0
129,Recovered_Immune,0.6949152542372882
129,Death,0.07627118644067797
129,Asymptomatic,0.923728813559322
129,Hospitalization,0.0
129,Severe,0.0
130,Susceptible,0.2288135593220339
130,Infected,0.0
130,Recovered_Immune,0.6949152542372882
130,Death,0.07627118644067797
130,Asymptomatic,0.923728813559322
130,Hospitalization,0.0
130,Severe,0.0
131,Susceptible,0.2288135593220339
131,Infected,0.0
131,Recovered_Immune,0.6949152542372882
131,Death,0.07627118644067797
131,Asymptomatic,0.923728813559322
131,Hospitalization,0.0
131,Severe,0.0
132,Susceptible,0.2288135593220339
132,Infected,0.0
132,Recovered_Immune,0.6949152542372882
132,Death,0.07627118644067797
132,Asymptomatic,0.923728813559322
132,Hospitalization,0.0
132,Severe,0.0
133,Susceptible,0.2288135593220339
133,Infected,0.0
133,Recovered_Immune,0.6949152542372882
133,Death,0.07627118644067797
133,Asymptomatic,0.923728813559322
133,Hospitalization,0.0
133,Severe,0.0
134,Susceptible,0.2288135593220339
134,Infected,0.0
134,Recovered_Immune,0.6949152542372882
134,Death,0.07627118644067797
134,Asymptomatic,0.923728813559322
134,Hospitalization,0.0
134,Severe,0.0
135,Susceptible,0.2288135593220339
135,Infected,0.0
135,Recovered_Immune,0.6949152542372882
135,Death,0.07627118644067797
135,Asymptomatic,0.923728813559322
135,Hospitalization,0.0
135,Severe,0.0
136,Susceptible,0.2288135593220339
136,Infected,0.0
136,Recovered_Immune,0.6949152542372882
136,Death,0.07627118644067797
136,Asymptomatic,0.923728813559322
136,Hospitalization,0.0
136,Severe,0.0
137,Susceptible,0.2288135593220339
137,Infected,0.0
137,Recovered_Immune,0.6949152542372882
137,Death,0.07627118644067797
137,Asymptomatic,0.923728813559322
137,Hospitalization,0.0
137,Severe,0.0
138,Susceptible,0.2288135593220339
138,Infected,0.0
138,Recovered_Immune,0.6949152542372882
138,Death,0.07627118644067797
138,Asymptomatic,0.923728813559322
138,Hospitalization,0.0
138,Severe,0.0
139,Susceptible,0.2288135593220339
139,Infected,0.0
139,Recovered_Immune,0.6949152542372882
139,Death,0.07627118644067797
139,Asymptomatic,0.923728813559322
139,Hospitalization,0.0
139,Severe,0.0
140,Susceptible,0.2288135593220339
140,Infected,0.0
140,Recovered_Immune,0.6949152542372882
140,Death,0.07627118644067797
140,Asymptomatic,0.923728813559322
140,Hospitalization,0.0
140,Severe,0.0
