Iteration,Metric,Avg
0,Susceptible,0.8728813559322034
0,Infected,0.07627118644067797
0,Recovered_Immune,0.05084745762711865
0,Death,0.0
0,Asymptomatic,1.0
0,Hospitalization,0.0
0,Severe,0.0
1,Susceptible,0.847457627118644
1,Infected,0.1016949152542373
1,Recovered_Immune,0.05084745762711865
1,Death,0.0
1,Asymptomatic,1.0
1,Hospitalization,0.0
1,Severe,0.0
2,Susceptible,0.7966101694915254
2,Infected,0.15254237288135594
2,Recovered_Immune,0.05084745762711865
2,Death,0.0
2,Asymptomatic,1.0
2,Hospitalization,0.0
2,Severe,0.0
3,Susceptible,0.7542372881355932
3,Infected,0.19491525423728814
3,Recovered_Immune,0.05084745762711865
3,Death,0.0
3,Asymptomatic,1.0
3,Hospitalization,0.0
3,Severe,0.0
4,Susceptible,0.711864406779661
4,Infected,0.23728813559322035
4,Recovered_Immune,0.05084745762711865
4,Death,0.0
4,Asymptomatic,1.0
4,Hospitalization,0.0
4,Severe,0.0
5,Susceptible,0.5508474576271186
5,Infected,0.3983050847457627
5,Recovered_Immune,0.05084745762711865
5,Death,0.0
5,Asymptomatic,1.0
5,Hospitalization,0.0
5,Severe,0.0
6,Susceptible,0.423728813559322
6,Infected,0.5254237288135594
6,Recovered_Immune,0.05084745762711865
6,Death,0.0
6,Asymptomatic,1.0
6,Hospitalization,0.0
6,Severe,0.0
7,Susceptible,0.423728813559322
7,Infected,0.5254237288135594
7,Recovered_Immune,0.05084745762711865
7,Death,0.0
7,Asymptomatic,1.0
7,Hospitalization,0.0
7,Severe,0.0
8,Susceptible,0.423728813559322
8,Infected,0.5254237288135594
8,Recovered_Immune,0.05084745762711865
8,Death,0.0
8,Asymptomatic,1.0
8,Hospitalization,0.0
8,Severe,0.0
9,Susceptible,0.423728813559322
9,Infected,0.5254237288135594
9,Recovered_Immune,0.05084745762711865
9,Death,0.0
9,Asymptomatic,0.9915254237288136
9,Hospitalization,0.00847457627118644
9,Severe,0.0
10,Susceptible,0.4067796610169492
10,Infected,0.5423728813559322
10,Recovered_Immune,0.05084745762711865
10,Death,0.0
10,Asymptomatic,0.9915254237288136
10,Hospitalization,0.00847457627118644
10,Severe,0.0
11,Susceptible,0.3813559322033898
11,Infected,0.5677966101694916
11,Recovered_Immune,0.05084745762711865
11,Death,0.0
11,Asymptomatic,0.9745762711864406
11,Hospitalization,0.025423728813559324
11,Severe,0.0
12,Susceptible,0.3813559322033898
12,Infected,0.5677966101694916
12,Recovered_Immune,0.05084745762711865
12,Death,0.0
12,Asymptomatic,0.9745762711864406
12,Hospitalization,0.01694915254237288
12,Severe,0.00847457627118644
13,Susceptible,0.3813559322033898
13,Infected,0.5677966101694916
13,Recovered_Immune,0.05084745762711865
13,Death,0.0
13,Asymptomatic,0.9745762711864406
13,Hospitalization,0.01694915254237288
13,Severe,0.00847457627118644
14,Susceptible,0.3728813559322034
14,Infected,0.576271186440678
14,Recovered_Immune,0.05084745762711865
14,Death,0.0
14,Asymptomatic,0.9661016949152542
14,Hospitalization,0.025423728813559324
14,Severe,0.00847457627118644
15,Susceptible,0.3389830508474576
15,Infected,0.6101694915254238
15,Recovered_Immune,0.05084745762711865
15,Death,0.0
15,Asymptomatic,0.9661016949152542
15,Hospitalization,0.025423728813559324
15,Severe,0.00847457627118644
16,Susceptible,0.3389830508474576
16,Infected,0.6016949152542372
16,Recovered_Immune,0.05084745762711865
16,Death,0.00847457627118644
16,Asymptomatic,0.9491525423728814
16,Hospitalization,0.03389830508474576
16,Severe,0.00847457627118644
17,Susceptible,0.3220338983050847
17,Infected,0.6186440677966102
17,Recovered_Immune,0.05084745762711865
17,Death,0.00847457627118644
17,Asymptomatic,0.9491525423728814
17,Hospitalization,0.025423728813559324
17,Severe,0.01694915254237288
18,Susceptible,0.3050847457627119
18,Infected,0.635593220338983
18,Recovered_Immune,0.05084745762711865
18,Death,0.00847457627118644
18,Asymptomatic,0.940677966101695
18,Hospitalization,0.025423728813559324
18,Severe,0.025423728813559324
19,Susceptible,0.2966101694915254
19,Infected,0.6440677966101694
19,Recovered_Immune,0.05084745762711865
19,Death,0.00847457627118644
19,Asymptomatic,0.9322033898305084
19,Hospitalization,0.03389830508474576
19,Severe,0.025423728813559324
20,Susceptible,0.2627118644067797
20,Infected,0.6610169491525424
20,Recovered_Immune,0.059322033898305086
20,Death,0.01694915254237288
20,Asymptomatic,0.9322033898305084
20,Hospitalization,0.025423728813559324
20,Severe,0.025423728813559324
21,Susceptible,0.2627118644067797
21,Infected,0.5932203389830508
21,Recovered_Immune,0.1271186440677966
21,Death,0.01694915254237288
21,Asymptomatic,0.9152542372881356
21,Hospitalization,0.0423728813559322
21,Severe,0.025423728813559324
22,Susceptible,0.23728813559322035
22,Infected,0.5932203389830508
22,Recovered_Immune,0.15254237288135594
22,Death,0.01694915254237288
22,Asymptomatic,0.9152542372881356
22,Hospitalization,0.0423728813559322
22,Severe,0.025423728813559324
23,Susceptible,0.23728813559322035
23,Infected,0.5338983050847458
23,Recovered_Immune,0.2033898305084746
23,Death,0.025423728813559324
23,Asymptomatic,0.9067796610169492
23,Hospitalization,0.0423728813559322
23,Severe,0.025423728813559324
24,Susceptible,0.23728813559322035
24,Infected,0.4830508474576271
24,Recovered_Immune,0.2457627118644068
24,Death,0.03389830508474576
24,Asymptomatic,0.9152542372881356
24,Hospitalization,0.025423728813559324
24,Severe,0.025423728813559324
25,Susceptible,0.211864406779661
25,Infected,0.4661016949152542
25,Recovered_Immune,0.288135593220339
25,Death,0.03389830508474576
25,Asymptomatic,0.9067796610169492
25,Hospitalization,0.03389830508474576
25,Severe,0.025423728813559324
26,Susceptible,0.211864406779661
26,Infected,0.3220338983050847
26,Recovered_Immune,0.423728813559322
26,Death,0.0423728813559322
26,Asymptomatic,0.923728813559322
26,Hospitalization,0.025423728813559324
26,Severe,0.00847457627118644
27,Susceptible,0.211864406779661
27,Infected,0.2033898305084746
27,Recovered_Immune,0.5423728813559322
27,Death,0.0423728813559322
27,Asymptomatic,0.9322033898305084
27,Hospitalization,0.025423728813559324
27,Severe,0.0
28,Susceptible,0.211864406779661
28,Infected,0.2033898305084746
28,Recovered_Immune,0.5423728813559322
28,Death,0.0423728813559322
28,Asymptomatic,0.9322033898305084
28,Hospitalization,0.025423728813559324
28,Severe,0.0
29,Susceptible,0.211864406779661
29,Infected,0.2033898305084746
29,Recovered_Immune,0.5423728813559322
29,Death,0.0423728813559322
29,Asymptomatic,0.9322033898305084
29,Hospitalization,0.025423728813559324
29,Severe,0.0
30,Susceptible,0.211864406779661
30,Infected,0.2033898305084746
30,Recovered_Immune,0.5423728813559322
30,Death,0.0423728813559322
30,Asymptomatic,0.9152542372881356
30,Hospitalization,0.0423728813559322
30,Severe,0.0
31,Susceptible,0.211864406779661
31,Infected,0.1864406779661017
31,Recovered_Immune,0.559322033898305
31,Death,0.0423728813559322
31,Asymptomatic,0.9152542372881356
31,Hospitalization,0.0423728813559322
31,Severe,0.0
32,Susceptible,0.211864406779661
32,Infected,0.16101694915254236
32,Recovered_Immune,0.5847457627118644
32,Death,0.0423728813559322
32,Asymptomatic,0.9152542372881356
32,Hospitalization,0.0423728813559322
32,Severe,0.0
33,Susceptible,0.211864406779661
33,Infected,0.16101694915254236
33,Recovered_Immune,0.5847457627118644
33,Death,0.0423728813559322
33,Asymptomatic,0.9152542372881356
33,Hospitalization,0.03389830508474576
33,Severe,0.00847457627118644
34,Susceptible,0.211864406779661
34,Infected,0.16101694915254236
34,Recovered_Immune,0.5847457627118644
34,Death,0.0423728813559322
34,Asymptomatic,0.9152542372881356
34,Hospitalization,0.03389830508474576
34,Severe,0.00847457627118644
35,Susceptible,0.211864406779661
35,Infected,0.15254237288135594
35,Recovered_Immune,0.5932203389830508
35,Death,0.0423728813559322
35,Asymptomatic,0.9152542372881356
35,Hospitalization,0.03389830508474576
35,Severe,0.00847457627118644
36,Susceptible,0.211864406779661
36,Infected,0.1271186440677966
36,Recovered_Immune,0.6186440677966102
36,Death,0.0423728813559322
36,Asymptomatic,0.9067796610169492
36,Hospitalization,0.0423728813559322
36,Severe,0.00847457627118644
37,Susceptible,0.211864406779661
37,Infected,0.11864406779661017
37,Recovered_Immune,0.6186440677966102
37,Death,0.05084745762711865
37,Asymptomatic,0.8898305084745762
37,Hospitalization,0.05084745762711865
37,Severe,0.00847457627118644
38,Susceptible,0.2033898305084746
38,Infected,0.11016949152542373
38,Recovered_Immune,0.635593220338983
38,Death,0.05084745762711865
38,Asymptomatic,0.9067796610169492
38,Hospitalization,0.0423728813559322
38,Severe,0.0
39,Susceptible,0.2033898305084746
39,Infected,0.09322033898305085
39,Recovered_Immune,0.652542372881356
39,Death,0.05084745762711865
39,Asymptomatic,0.9152542372881356
39,Hospitalization,0.03389830508474576
39,Severe,0.0
40,Susceptible,0.2033898305084746
40,Infected,0.0847457627118644
40,Recovered_Immune,0.6610169491525424
40,Death,0.05084745762711865
40,Asymptomatic,0.923728813559322
40,Hospitalization,0.025423728813559324
40,Severe,0.0
41,Susceptible,0.2033898305084746
41,Infected,0.059322033898305086
41,Recovered_Immune,0.6864406779661016
41,Death,0.05084745762711865
41,Asymptomatic,0.9322033898305084
41,Hospitalization,0.01694915254237288
41,Severe,0.0
42,Susceptible,0.2033898305084746
42,Infected,0.059322033898305086
42,Recovered_Immune,0.6864406779661016
42,Death,0.05084745762711865
42,Asymptomatic,0.9322033898305084
42,Hospitalization,0.00847457627118644
42,Severe,0.00847457627118644
43,Susceptible,0.2033898305084746
43,Infected,0.03389830508474576
43,Recovered_Immune,0.711864406779661
43,Death,0.05084745762711865
43,Asymptomatic,0.9491525423728814
43,Hospitalization,0.0
43,Severe,0.0
44,Susceptible,0.2033898305084746
44,Infected,0.03389830508474576
44,Recovered_Immune,0.711864406779661
44,Death,0.05084745762711865
44,Asymptomatic,0.9491525423728814
44,Hospitalization,0.0
44,Severe,0.0
45,Susceptible,0.2033898305084746
45,Infected,0.03389830508474576
45,Recovered_Immune,0.711864406779661
45,Death,0.05084745762711865
45,Asymptomatic,0.9491525423728814
45,Hospitalization,0.0
45,Severe,0.0
46,Susceptible,0.2033898305084746
46,Infected,0.00847457627118644
46,Recovered_Immune,0.7372881355932204
46,Death,0.05084745762711865
46,Asymptomatic,0.9491525423728814
46,Hospitalization,0.0
46,Severe,0.0
47,Susceptible,0.2033898305084746
47,Infected,0.00847457627118644
47,Recovered_Immune,0.7372881355932204
47,Death,0.05084745762711865
47,Asymptomatic,0.9491525423728814
47,Hospitalization,0.0
47,Severe,0.0
48,Susceptible,0.2033898305084746
48,Infected,0.00847457627118644
48,Recovered_Immune,0.7372881355932204
48,Death,0.05084745762711865
48,Asymptomatic,0.9491525423728814
48,Hospitalization,0.0
48,Severe,0.0
49,Susceptible,0.2033898305084746
49,Infected,0.00847457627118644
49,Recovered_Immune,0.7372881355932204
49,Death,0.05084745762711865
49,Asymptomatic,0.9491525423728814
49,Hospitalization,0.0
49,Severe,0.0
50,Susceptible,0.2033898305084746
50,Infected,0.00847457627118644
50,Recovered_Immune,0.7372881355932204
50,Death,0.05084745762711865
50,Asymptomatic,0.9491525423728814
50,Hospitalization,0.0
50,Severe,0.0
51,Susceptible,0.2033898305084746
51,Infected,0.00847457627118644
51,Recovered_Immune,0.7372881355932204
51,Death,0.05084745762711865
51,Asymptomatic,0.9491525423728814
51,Hospitalization,0.0
51,Severe,0.0
52,Susceptible,0.2033898305084746
52,Infected,0.00847457627118644
52,Recovered_Immune,0.7372881355932204
52,Death,0.05084745762711865
52,Asymptomatic,0.9491525423728814
52,Hospitalization,0.0
52,Severe,0.0
53,Susceptible,0.2033898305084746
53,Infected,0.00847457627118644
53,Recovered_Immune,0.7372881355932204
53,Death,0.05084745762711865
53,Asymptomatic,0.9491525423728814
53,Hospitalization,0.0
53,Severe,0.0
54,Susceptible,0.2033898305084746
54,Infected,0.00847457627118644
54,Recovered_Immune,0.7372881355932204
54,Death,0.05084745762711865
54,Asymptomatic,0.9491525423728814
54,Hospitalization,0.0
54,Severe,0.0
55,Susceptible,0.2033898305084746
55,Infected,0.00847457627118644
55,Recovered_Immune,0.7372881355932204
55,Death,0.05084745762711865
55,Asymptomatic,0.9491525423728814
55,Hospitalization,0.0
55,Severe,0.0
56,Susceptible,0.2033898305084746
56,Infected,0.00847457627118644
56,Recovered_Immune,0.7372881355932204
56,Death,0.05084745762711865
56,Asymptomatic,0.9491525423728814
56,Hospitalization,0.0
56,Severe,0.0
57,Susceptible,0.2033898305084746
57,Infected,0.00847457627118644
57,Recovered_Immune,0.7372881355932204
57,Death,0.05084745762711865
57,Asymptomatic,0.9491525423728814
57,Hospitalization,0.0
57,Severe,0.0
58,Susceptible,0.2033898305084746
58,Infected,0.00847457627118644
58,Recovered_Immune,0.7372881355932204
58,Death,0.05084745762711865
58,Asymptomatic,0.9491525423728814
58,Hospitalization,0.0
58,Severe,0.0
59,Susceptible,0.2033898305084746
59,Infected,0.0
59,Recovered_Immune,0.7457627118644068
59,Death,0.05084745762711865
59,Asymptomatic,0.9491525423728814
59,Hospitalization,0.0
59,Severe,0.0
60,Susceptible,0.2033898305084746
60,Infected,0.0
60,Recovered_Immune,0.7457627118644068
60,Death,0.05084745762711865
60,Asymptomatic,0.9491525423728814
60,Hospitalization,0.0
60,Severe,0.0
61,Susceptible,0.2033898305084746
61,Infected,0.0
61,Recovered_Immune,0.7457627118644068
61,Death,0.05084745762711865
61,Asymptomatic,0.9491525423728814
61,Hospitalization,0.0
61,Severe,0.0
62,Susceptible,0.2033898305084746
62,Infected,0.0
62,Recovered_Immune,0.7457627118644068
62,Death,0.05084745762711865
62,Asymptomatic,0.9491525423728814
62,Hospitalization,0.0
62,Severe,0.0
63,Susceptible,0.2033898305084746
63,Infected,0.0
63,Recovered_Immune,0.7457627118644068
63,Death,0.05084745762711865
63,Asymptomatic,0.9491525423728814
63,Hospitalization,0.0
63,Severe,0.0
64,Susceptible,0.2033898305084746
64,Infected,0.0
64,Recovered_Immune,0.7457627118644068
64,Death,0.05084745762711865
64,Asymptomatic,0.9491525423728814
64,Hospitalization,0.0
64,Severe,0.0
65,Susceptible,0.2033898305084746
65,Infected,0.0
65,Recovered_Immune,0.7457627118644068
65,Death,0.05084745762711865
65,Asymptomatic,0.9491525423728814
65,Hospitalization,0.0
65,Severe,0.0
66,Susceptible,0.2033898305084746
66,Infected,0.0
66,Recovered_Immune,0.7457627118644068
66,Death,0.05084745762711865
66,Asymptomatic,0.9491525423728814
66,Hospitalization,0.0
66,Severe,0.0
67,Susceptible,0.2033898305084746
67,Infected,0.0
67,Recovered_Immune,0.7457627118644068
67,Death,0.05084745762711865
67,Asymptomatic,0.9491525423728814
67,Hospitalization,0.0
67,Severe,0.0
68,Susceptible,0.2033898305084746
68,Infected,0.0
68,Recovered_Immune,0.7457627118644068
68,Death,0.05084745762711865
68,Asymptomatic,0.9491525423728814
68,Hospitalization,0.0
68,Severe,0.0
69,Susceptible,0.2033898305084746
69,Infected,0.0
69,Recovered_Immune,0.7457627118644068
69,Death,0.05084745762711865
69,Asymptomatic,0.9491525423728814
69,Hospitalization,0.0
69,Severe,0.0
70,Susceptible,0.2033898305084746
70,Infected,0.0
70,Recovered_Immune,0.7457627118644068
70,Death,0.05084745762711865
70,Asymptomatic,0.9491525423728814
70,Hospitalization,0.0
70,Severe,0.0
71,Susceptible,0.2033898305084746
71,Infected,0.0
71,Recovered_Immune,0.7457627118644068
71,Death,0.05084745762711865
71,Asymptomatic,0.9491525423728814
71,Hospitalization,0.0
71,Severe,0.0
72,Susceptible,0.2033898305084746
72,Infected,0.0
72,Recovered_Immune,0.7457627118644068
72,Death,0.05084745762711865
72,Asymptomatic,0.9491525423728814
72,Hospitalization,0.0
72,Severe,0.0
73,Susceptible,0.2033898305084746
73,Infected,0.0
73,Recovered_Immune,0.7457627118644068
73,Death,0.05084745762711865
73,Asymptomatic,0.9491525423728814
73,Hospitalization,0.0
73,Severe,0.0
74,Susceptible,0.2033898305084746
74,Infected,0.0
74,Recovered_Immune,0.7457627118644068
74,Death,0.05084745762711865
74,Asymptomatic,0.9491525423728814
74,Hospitalization,0.0
74,Severe,0.0
75,Susceptible,0.2033898305084746
75,Infected,0.0
75,Recovered_Immune,0.7457627118644068
75,Death,0.05084745762711865
75,Asymptomatic,0.9491525423728814
75,Hospitalization,0.0
75,Severe,0.0
76,Susceptible,0.2033898305084746
76,Infected,0.0
76,Recovered_Immune,0.7457627118644068
76,Death,0.05084745762711865
76,Asymptomatic,0.9491525423728814
76,Hospitalization,0.0
76,Severe,0.0
77,Susceptible,0.2033898305084746
77,Infected,0.0
77,Recovered_Immune,0.7457627118644068
77,Death,0.05084745762711865
77,Asymptomatic,0.9491525423728814
77,Hospitalization,0.0
77,Severe,0.0
78,Susceptible,0.2033898305084746
78,Infected,0.0
78,Recovered_Immune,0.7457627118644068
78,Death,0.05084745762711865
78,Asymptomatic,0.9491525423728814
78,Hospitalization,0.0
78,Severe,0.0
79,Susceptible,0.2033898305084746
79,Infected,0.0
79,Recovered_Immune,0.7457627118644068
79,Death,0.05084745762711865
79,Asymptomatic,0.9491525423728814
79,Hospitalization,0.0
79,Severe,0.0
80,Susceptible,0.2033898305084746
80,Infected,0.0
80,Recovered_Immune,0.7457627118644068
80,Death,0.05084745762711865
80,Asymptomatic,0.9491525423728814
80,Hospitalization,0.0
80,Severe,0.0
81,Susceptible,0.2033898305084746
81,Infected,0.0
81,Recovered_Immune,0.7457627118644068
81,Death,0.05084745762711865
81,Asymptomatic,0.9491525423728814
81,Hospitalization,0.0
81,Severe,0.0
82,Susceptible,0.2033898305084746
82,Infected,0.0
82,Recovered_Immune,0.7457627118644068
82,Death,0.05084745762711865
82,Asymptomatic,0.9491525423728814
82,Hospitalization,0.0
82,Severe,0.0
83,Susceptible,0.2033898305084746
83,Infected,0.0
83,Recovered_Immune,0.7457627118644068
83,Death,0.05084745762711865
83,Asymptomatic,0.9491525423728814
83,Hospitalization,0.0
83,Severe,0.0
84,Susceptible,0.2033898305084746
84,Infected,0.0
84,Recovered_Immune,0.7457627118644068
84,Death,0.05084745762711865
84,Asymptomatic,0.9491525423728814
84,Hospitalization,0.0
84,Severe,0.0
85,Susceptible,0.2033898305084746
85,Infected,0.0
85,Recovered_Immune,0.7457627118644068
85,Death,0.05084745762711865
85,Asymptomatic,0.9491525423728814
85,Hospitalization,0.0
85,Severe,0.0
86,Susceptible,0.2033898305084746
86,Infected,0.0
86,Recovered_Immune,0.7457627118644068
86,Death,0.05084745762711865
86,Asymptomatic,0.9491525423728814
86,Hospitalization,0.0
86,Severe,0.0
87,Susceptible,0.2033898305084746
87,Infected,0.0
87,Recovered_Immune,0.7457627118644068
87,Death,0.05084745762711865
87,Asymptomatic,0.9491525423728814
87,Hospitalization,0.0
87,Severe,0.0
88,Susceptible,0.2033898305084746
88,Infected,0.0
88,Recovered_Immune,0.7457627118644068
88,Death,0.05084745762711865
88,Asymptomatic,0.9491525423728814
88,Hospitalization,0.0
88,Severe,0.0
89,Susceptible,0.2033898305084746
89,Infected,0.0
89,Recovered_Immune,0.7457627118644068
89,Death,0.05084745762711865
89,Asymptomatic,0.9491525423728814
89,Hospitalization,0.0
89,Severe,0.0
90,Susceptible,0.2033898305084746
90,Infected,0.0
90,Recovered_Immune,0.7457627118644068
90,Death,0.05084745762711865
90,Asymptomatic,0.9491525423728814
90,Hospitalization,0.0
90,Severe,0.0
91,Susceptible,0.2033898305084746
91,Infected,0.0
91,Recovered_Immune,0.7457627118644068
91,Death,0.05084745762711865
91,Asymptomatic,0.9491525423728814
91,Hospitalization,0.0
91,Severe,0.0
92,Susceptible,0.2033898305084746
92,Infected,0.0
92,Recovered_Immune,0.7457627118644068
92,Death,0.05084745762711865
92,Asymptomatic,0.9491525423728814
92,Hospitalization,0.0
92,Severe,0.0
93,Susceptible,0.2033898305084746
93,Infected,0.0
93,Recovered_Immune,0.7457627118644068
93,Death,0.05084745762711865
93,Asymptomatic,0.9491525423728814
93,Hospitalization,0.0
93,Severe,0.0
94,Susceptible,0.2033898305084746
94,Infected,0.0
94,Recovered_Immune,0.7457627118644068
94,Death,0.05084745762711865
94,Asymptomatic,0.9491525423728814
94,Hospitalization,0.0
94,Severe,0.0
95,Susceptible,0.2033898305084746
95,Infected,0.0
95,Recovered_Immune,0.7457627118644068
95,Death,0.05084745762711865
95,Asymptomatic,0.9491525423728814
95,Hospitalization,0.0
95,Severe,0.0
96,Susceptible,0.2033898305084746
96,Infected,0.0
96,Recovered_Immune,0.7457627118644068
96,Death,0.05084745762711865
96,Asymptomatic,0.9491525423728814
96,Hospitalization,0.0
96,Severe,0.0
97,Susceptible,0.2033898305084746
97,Infected,0.0
97,Recovered_Immune,0.7457627118644068
97,Death,0.05084745762711865
97,Asymptomatic,0.9491525423728814
97,Hospitalization,0.0
97,Severe,0.0
98,Susceptible,0.2033898305084746
98,Infected,0.0
98,Recovered_Immune,0.7457627118644068
98,Death,0.05084745762711865
98,Asymptomatic,0.9491525423728814
98,Hospitalization,0.0
98,Severe,0.0
99,Susceptible,0.2033898305084746
99,Infected,0.0
99,Recovered_Immune,0.7457627118644068
99,Death,0.05084745762711865
99,Asymptomatic,0.9491525423728814
99,Hospitalization,0.0
99,Severe,0.0
100,Susceptible,0.2033898305084746
100,Infected,0.0
100,Recovered_Immune,0.7457627118644068
100,Death,0.05084745762711865
100,Asymptomatic,0.9491525423728814
100,Hospitalization,0.0
100,Severe,0.0
101,Susceptible,0.2033898305084746
101,Infected,0.0
101,Recovered_Immune,0.7457627118644068
101,Death,0.05084745762711865
101,Asymptomatic,0.9491525423728814
101,Hospitalization,0.0
101,Severe,0.0
102,Susceptible,0.2033898305084746
102,Infected,0.0
102,Recovered_Immune,0.7457627118644068
102,Death,0.05084745762711865
102,Asymptomatic,0.9491525423728814
102,Hospitalization,0.0
102,Severe,0.0
103,Susceptible,0.2033898305084746
103,Infected,0.0
103,Recovered_Immune,0.7457627118644068
103,Death,0.05084745762711865
103,Asymptomatic,0.9491525423728814
103,Hospitalization,0.0
103,Severe,0.0
104,Susceptible,0.2033898305084746
104,Infected,0.0
104,Recovered_Immune,0.7457627118644068
104,Death,0.05084745762711865
104,Asymptomatic,0.9491525423728814
104,Hospitalization,0.0
104,Severe,0.0
105,Susceptible,0.2033898305084746
105,Infected,0.0
105,Recovered_Immune,0.7457627118644068
105,Death,0.05084745762711865
105,Asymptomatic,0.9491525423728814
105,Hospitalization,0.0
105,Severe,0.0
106,Susceptible,0.2033898305084746
106,Infected,0.0
106,Recovered_Immune,0.7457627118644068
106,Death,0.05084745762711865
106,Asymptomatic,0.9491525423728814
106,Hospitalization,0.0
106,Severe,0.0
107,Susceptible,0.2033898305084746
107,Infected,0.0
107,Recovered_Immune,0.7457627118644068
107,Death,0.05084745762711865
107,Asymptomatic,0.9491525423728814
107,Hospitalization,0.0
107,Severe,0.0
108,Susceptible,0.2033898305084746
108,Infected,0.0
108,Recovered_Immune,0.7457627118644068
108,Death,0.05084745762711865
108,Asymptomatic,0.9491525423728814
108,Hospitalization,0.0
108,Severe,0.0
109,Susceptible,0.2033898305084746
109,Infected,0.0
109,Recovered_Immune,0.7457627118644068
109,Death,0.05084745762711865
109,Asymptomatic,0.9491525423728814
109,Hospitalization,0.0
109,Severe,0.0
110,Susceptible,0.2033898305084746
110,Infected,0.0
110,Recovered_Immune,0.7457627118644068
110,Death,0.05084745762711865
110,Asymptomatic,0.9491525423728814
110,Hospitalization,0.0
110,Severe,0.0
111,Susceptible,0.2033898305084746
111,Infected,0.0
111,Recovered_Immune,0.7457627118644068
111,Death,0.05084745762711865
111,Asymptomatic,0.9491525423728814
111,Hospitalization,0.0
111,Severe,0.0
112,Susceptible,0.2033898305084746
112,Infected,0.0
112,Recovered_Immune,0.7457627118644068
112,Death,0.05084745762711865
112,Asymptomatic,0.9491525423728814
112,Hospitalization,0.0
112,Severe,0.0
113,Susceptible,0.2033898305084746
113,Infected,0.0
113,Recovered_Immune,0.7457627118644068
113,Death,0.05084745762711865
113,Asymptomatic,0.9491525423728814
113,Hospitalization,0.0
113,Severe,0.0
114,Susceptible,0.2033898305084746
114,Infected,0.0
114,Recovered_Immune,0.7457627118644068
114,Death,0.05084745762711865
114,Asymptomatic,0.9491525423728814
114,Hospitalization,0.0
114,Severe,0.0
115,Susceptible,0.2033898305084746
115,Infected,0.0
115,Recovered_Immune,0.7457627118644068
115,Death,0.05084745762711865
115,Asymptomatic,0.9491525423728814
115,Hospitalization,0.0
115,Severe,0.0
116,Susceptible,0.2033898305084746
116,Infected,0.0
116,Recovered_Immune,0.7457627118644068
116,Death,0.05084745762711865
116,Asymptomatic,0.9491525423728814
116,Hospitalization,0.0
116,Severe,0.0
117,Susceptible,0.2033898305084746
117,Infected,0.0
117,Recovered_Immune,0.7457627118644068
117,Death,0.05084745762711865
117,Asymptomatic,0.9491525423728814
117,Hospitalization,0.0
117,Severe,0.0
118,Susceptible,0.2033898305084746
118,Infected,0.0
118,Recovered_Immune,0.7457627118644068
118,Death,0.05084745762711865
118,Asymptomatic,0.9491525423728814
118,Hospitalization,0.0
118,Severe,0.0
119,Susceptible,0.2033898305084746
119,Infected,0.0
119,Recovered_Immune,0.7457627118644068
119,Death,0.05084745762711865
119,Asymptomatic,0.9491525423728814
119,Hospitalization,0.0
119,Severe,0.0
120,Susceptible,0.2033898305084746
120,Infected,0.0
120,Recovered_Immune,0.7457627118644068
120,Death,0.05084745762711865
120,Asymptomatic,0.9491525423728814
120,Hospitalization,0.0
120,Severe,0.0
121,Susceptible,0.2033898305084746
121,Infected,0.0
121,Recovered_Immune,0.7457627118644068
121,Death,0.05084745762711865
121,Asymptomatic,0.9491525423728814
121,Hospitalization,0.0
121,Severe,0.0
122,Susceptible,0.2033898305084746
122,Infected,0.0
122,Recovered_Immune,0.7457627118644068
122,Death,0.05084745762711865
122,Asymptomatic,0.9491525423728814
122,Hospitalization,0.0
122,Severe,0.0
123,Susceptible,0.2033898305084746
123,Infected,0.0
123,Recovered_Immune,0.7457627118644068
123,Death,0.05084745762711865
123,Asymptomatic,0.9491525423728814
123,Hospitalization,0.0
123,Severe,0.0
124,Susceptible,0.2033898305084746
124,Infected,0.0
124,Recovered_Immune,0.7457627118644068
124,Death,0.05084745762711865
124,Asymptomatic,0.9491525423728814
124,Hospitalization,0.0
124,Severe,0.0
125,Susceptible,0.2033898305084746
125,Infected,0.0
125,Recovered_Immune,0.7457627118644068
125,Death,0.05084745762711865
125,Asymptomatic,0.9491525423728814
125,Hospitalization,0.0
125,Severe,0.0
126,Susceptible,0.2033898305084746
126,Infected,0.0
126,Recovered_Immune,0.7457627118644068
126,Death,0.05084745762711865
126,Asymptomatic,0.9491525423728814
126,Hospitalization,0.0
126,Severe,0.0
127,Susceptible,0.2033898305084746
127,Infected,0.0
127,Recovered_Immune,0.7457627118644068
127,Death,0.05084745762711865
127,Asymptomatic,0.9491525423728814
127,Hospitalization,0.0
127,Severe,0.0
128,Susceptible,0.2033898305084746
128,Infected,0.0
128,Recovered_Immune,0.7457627118644068
128,Death,0.05084745762711865
128,Asymptomatic,0.9491525423728814
128,Hospitalization,0.0
128,Severe,0.0
129,Susceptible,0.2033898305084746
129,Infected,0.0
129,Recovered_Immune,0.7457627118644068
129,Death,0.05084745762711865
129,Asymptomatic,0.9491525423728814
129,Hospitalization,0.0
129,Severe,0.0
130,Susceptible,0.2033898305084746
130,Infected,0.0
130,Recovered_Immune,0.7457627118644068
130,Death,0.05084745762711865
130,Asymptomatic,0.9491525423728814
130,Hospitalization,0.0
130,Severe,0.0
131,Susceptible,0.2033898305084746
131,Infected,0.0
131,Recovered_Immune,0.7457627118644068
131,Death,0.05084745762711865
131,Asymptomatic,0.9491525423728814
131,Hospitalization,0.0
131,Severe,0.0
132,Susceptible,0.2033898305084746
132,Infected,0.0
132,Recovered_Immune,0.7457627118644068
132,Death,0.05084745762711865
132,Asymptomatic,0.9491525423728814
132,Hospitalization,0.0
132,Severe,0.0
133,Susceptible,0.2033898305084746
133,Infected,0.0
133,Recovered_Immune,0.7457627118644068
133,Death,0.05084745762711865
133,Asymptomatic,0.9491525423728814
133,Hospitalization,0.0
133,Severe,0.0
134,Susceptible,0.2033898305084746
134,Infected,0.0
134,Recovered_Immune,0.7457627118644068
134,Death,0.05084745762711865
134,Asymptomatic,0.9491525423728814
134,Hospitalization,0.0
134,Severe,0.0
135,Susceptible,0.2033898305084746
135,Infected,0.0
135,Recovered_Immune,0.7457627118644068
135,Death,0.05084745762711865
135,Asymptomatic,0.9491525423728814
135,Hospitalization,0.0
135,Severe,0.0
136,Susceptible,0.2033898305084746
136,Infected,0.0
136,Recovered_Immune,0.7457627118644068
136,Death,0.05084745762711865
136,Asymptomatic,0.9491525423728814
136,Hospitalization,0.0
136,Severe,0.0
