Iteration,Metric,Avg
0,Susceptible,0.8898305084745762
0,Infected,0.025423728813559324
0,Recovered_Immune,0.0847457627118644
0,Death,0.0
0,Asymptomatic,1.0
0,Hospitalization,0.0
0,Severe,0.0
1,Susceptible,0.8813559322033898
1,Infected,0.03389830508474576
1,Recovered_Immune,0.0847457627118644
1,Death,0.0
1,Asymptomatic,1.0
1,Hospitalization,0.0
1,Severe,0.0
2,Susceptible,0.8389830508474576
2,Infected,0.07627118644067797
2,Recovered_Immune,0.0847457627118644
2,Death,0.0
2,Asymptomatic,1.0
2,Hospitalization,0.0
2,Severe,0.0
3,Susceptible,0.788135593220339
3,Infected,0.1271186440677966
3,Recovered_Immune,0.0847457627118644
3,Death,0.0
3,Asymptomatic,1.0
3,Hospitalization,0.0
3,Severe,0.0
4,Susceptible,0.7033898305084746
4,Infected,0.211864406779661
4,Recovered_Immune,0.0847457627118644
4,Death,0.0
4,Asymptomatic,1.0
4,Hospitalization,0.0
4,Severe,0.0
5,Susceptible,0.6186440677966102
5,Infected,0.2966101694915254
5,Recovered_Immune,0.0847457627118644
5,Death,0.0
5,Asymptomatic,0.9915254237288136
5,Hospitalization,0.00847457627118644
5,Severe,0.0
6,Susceptible,0.576271186440678
6,Infected,0.3389830508474576
6,Recovered_Immune,0.0847457627118644
6,Death,0.0
6,Asymptomatic,0.9915254237288136
6,Hospitalization,0.00847457627118644
6,Severe,0.0
7,Susceptible,0.576271186440678
7,Infected,0.3389830508474576
7,Recovered_Immune,0.0847457627118644
7,Death,0.0
7,Asymptomatic,0.9915254237288136
7,Hospitalization,0.00847457627118644
7,Severe,0.0
8,Susceptible,0.5677966101694916
8,Infected,0.3474576271186441
8,Recovered_Immune,0.0847457627118644
8,Death,0.0
8,Asymptomatic,0.9915254237288136
8,Hospitalization,0.00847457627118644
8,Severe,0.0
9,Susceptible,0.5508474576271186
9,Infected,0.3644067796610169
9,Recovered_Immune,0.0847457627118644
9,Death,0.0
9,Asymptomatic,0.9915254237288136
9,Hospitalization,0.00847457627118644
9,Severe,0.0
10,Susceptible,0.5508474576271186
10,Infected,0.3644067796610169
10,Recovered_Immune,0.0847457627118644
10,Death,0.0
10,Asymptomatic,0.9915254237288136
10,Hospitalization,0.00847457627118644
10,Severe,0.0
11,Susceptible,0.5254237288135594
11,Infected,0.3898305084745763
11,Recovered_Immune,0.0847457627118644
11,Death,0.0
11,Asymptomatic,0.9830508474576272
11,Hospitalization,0.01694915254237288
11,Severe,0.0
12,Susceptible,0.5254237288135594
12,Infected,0.3898305084745763
12,Recovered_Immune,0.0847457627118644
12,Death,0.0
12,Asymptomatic,0.9830508474576272
12,Hospitalization,0.01694915254237288
12,Severe,0.0
13,Susceptible,0.5169491525423728
13,Infected,0.3983050847457627
13,Recovered_Immune,0.0847457627118644
13,Death,0.0
13,Asymptomatic,0.9830508474576272
13,Hospitalization,0.01694915254237288
13,Severe,0.0
14,Susceptible,0.5169491525423728
14,Infected,0.3983050847457627
14,Recovered_Immune,0.0847457627118644
14,Death,0.0
14,Asymptomatic,0.9745762711864406
14,Hospitalization,0.025423728813559324
14,Severe,0.0
15,Susceptible,0.5
15,Infected,0.4152542372881356
15,Recovered_Immune,0.0847457627118644
15,Death,0.0
15,Asymptomatic,0.9745762711864406
15,Hospitalization,0.025423728813559324
15,Severe,0.0
16,Susceptible,0.5
16,Infected,0.4152542372881356
16,Recovered_Immune,0.0847457627118644
16,Death,0.0
16,Asymptomatic,0.9661016949152542
16,Hospitalization,0.03389830508474576
16,Severe,0.0
17,Susceptible,0.5
17,Infected,0.4152542372881356
17,Recovered_Immune,0.0847457627118644
17,Death,0.0
17,Asymptomatic,0.9576271186440678
17,Hospitalization,0.0423728813559322
17,Severe,0.0
18,Susceptible,0.5
18,Infected,0.4152542372881356
18,Recovered_Immune,0.0847457627118644
18,Death,0.0
18,Asymptomatic,0.9576271186440678
18,Hospitalization,0.0423728813559322
18,Severe,0.0
19,Susceptible,0.4915254237288136
19,Infected,0.423728813559322
19,Recovered_Immune,0.0847457627118644
19,Death,0.0
19,Asymptomatic,0.9576271186440678
19,Hospitalization,0.0423728813559322
19,Severe,0.0
20,Susceptible,0.4661016949152542
20,Infected,0.4322033898305085
20,Recovered_Immune,0.1016949152542373
20,Death,0.0
20,Asymptomatic,0.9576271186440678
20,Hospitalization,0.0423728813559322
20,Severe,0.0
21,Susceptible,0.4406779661016949
21,Infected,0.4406779661016949
21,Recovered_Immune,0.11016949152542373
21,Death,0.00847457627118644
21,Asymptomatic,0.940677966101695
21,Hospitalization,0.05084745762711865
21,Severe,0.0
22,Susceptible,0.423728813559322
22,Infected,0.4491525423728814
22,Recovered_Immune,0.11864406779661017
22,Death,0.00847457627118644
22,Asymptomatic,0.940677966101695
22,Hospitalization,0.05084745762711865
22,Severe,0.0
23,Susceptible,0.3983050847457627
23,Infected,0.4322033898305085
23,Recovered_Immune,0.16101694915254236
23,Death,0.00847457627118644
23,Asymptomatic,0.9576271186440678
23,Hospitalization,0.03389830508474576
23,Severe,0.0
24,Susceptible,0.3983050847457627
24,Infected,0.3898305084745763
24,Recovered_Immune,0.2033898305084746
24,Death,0.00847457627118644
24,Asymptomatic,0.9661016949152542
24,Hospitalization,0.025423728813559324
24,Severe,0.0
25,Susceptible,0.3983050847457627
25,Infected,0.3050847457627119
25,Recovered_Immune,0.288135593220339
25,Death,0.00847457627118644
25,Asymptomatic,0.9745762711864406
25,Hospitalization,0.01694915254237288
25,Severe,0.0
26,Susceptible,0.3983050847457627
26,Infected,0.22033898305084745
26,Recovered_Immune,0.3728813559322034
26,Death,0.00847457627118644
26,Asymptomatic,0.9915254237288136
26,Hospitalization,0.0
26,Severe,0.0
27,Susceptible,0.3813559322033898
27,Infected,0.19491525423728814
27,Recovered_Immune,0.4152542372881356
27,Death,0.00847457627118644
27,Asymptomatic,0.9915254237288136
27,Hospitalization,0.0
27,Severe,0.0
28,Susceptible,0.3728813559322034
28,Infected,0.2033898305084746
28,Recovered_Immune,0.4152542372881356
28,Death,0.00847457627118644
28,Asymptomatic,0.9915254237288136
28,Hospitalization,0.0
28,Severe,0.0
29,Susceptible,0.3728813559322034
29,Infected,0.19491525423728814
29,Recovered_Immune,0.423728813559322
29,Death,0.00847457627118644
29,Asymptomatic,0.9830508474576272
29,Hospitalization,0.00847457627118644
29,Severe,0.0
30,Susceptible,0.3728813559322034
30,Infected,0.17796610169491525
30,Recovered_Immune,0.4406779661016949
30,Death,0.00847457627118644
30,Asymptomatic,0.9745762711864406
30,Hospitalization,0.01694915254237288
30,Severe,0.0
31,Susceptible,0.3644067796610169
31,Infected,0.1864406779661017
31,Recovered_Immune,0.4406779661016949
31,Death,0.00847457627118644
31,Asymptomatic,0.9661016949152542
31,Hospitalization,0.025423728813559324
31,Severe,0.0
32,Susceptible,0.3644067796610169
32,Infected,0.16101694915254236
32,Recovered_Immune,0.4661016949152542
32,Death,0.00847457627118644
32,Asymptomatic,0.9661016949152542
32,Hospitalization,0.01694915254237288
32,Severe,0.00847457627118644
33,Susceptible,0.3644067796610169
33,Infected,0.16101694915254236
33,Recovered_Immune,0.4661016949152542
33,Death,0.00847457627118644
33,Asymptomatic,0.9661016949152542
33,Hospitalization,0.01694915254237288
33,Severe,0.00847457627118644
34,Susceptible,0.3644067796610169
34,Infected,0.15254237288135594
34,Recovered_Immune,0.4745762711864407
34,Death,0.00847457627118644
34,Asymptomatic,0.9661016949152542
34,Hospitalization,0.01694915254237288
34,Severe,0.00847457627118644
35,Susceptible,0.3559322033898305
35,Infected,0.16101694915254236
35,Recovered_Immune,0.4745762711864407
35,Death,0.00847457627118644
35,Asymptomatic,0.9491525423728814
35,Hospitalization,0.03389830508474576
35,Severe,0.00847457627118644
36,Susceptible,0.3389830508474576
36,Infected,0.16101694915254236
36,Recovered_Immune,0.4915254237288136
36,Death,0.00847457627118644
36,Asymptomatic,0.9491525423728814
36,Hospitalization,0.025423728813559324
36,Severe,0.01694915254237288
37,Susceptible,0.3389830508474576
37,Infected,0.16101694915254236
37,Recovered_Immune,0.4915254237288136
37,Death,0.00847457627118644
37,Asymptomatic,0.9491525423728814
37,Hospitalization,0.01694915254237288
37,Severe,0.025423728813559324
38,Susceptible,0.3389830508474576
38,Infected,0.16101694915254236
38,Recovered_Immune,0.4915254237288136
38,Death,0.00847457627118644
38,Asymptomatic,0.9491525423728814
38,Hospitalization,0.01694915254237288
38,Severe,0.025423728813559324
39,Susceptible,0.3389830508474576
39,Infected,0.16101694915254236
39,Recovered_Immune,0.4915254237288136
39,Death,0.00847457627118644
39,Asymptomatic,0.9491525423728814
39,Hospitalization,0.01694915254237288
39,Severe,0.025423728813559324
40,Susceptible,0.3389830508474576
40,Infected,0.15254237288135594
40,Recovered_Immune,0.5
40,Death,0.00847457627118644
40,Asymptomatic,0.940677966101695
40,Hospitalization,0.025423728813559324
40,Severe,0.025423728813559324
41,Susceptible,0.3389830508474576
41,Infected,0.1271186440677966
41,Recovered_Immune,0.5254237288135594
41,Death,0.00847457627118644
41,Asymptomatic,0.940677966101695
41,Hospitalization,0.025423728813559324
41,Severe,0.025423728813559324
42,Susceptible,0.3389830508474576
42,Infected,0.1016949152542373
42,Recovered_Immune,0.5508474576271186
42,Death,0.00847457627118644
42,Asymptomatic,0.9491525423728814
42,Hospitalization,0.025423728813559324
42,Severe,0.01694915254237288
43,Susceptible,0.3389830508474576
43,Infected,0.0847457627118644
43,Recovered_Immune,0.5677966101694916
43,Death,0.00847457627118644
43,Asymptomatic,0.9661016949152542
43,Hospitalization,0.00847457627118644
43,Severe,0.01694915254237288
44,Susceptible,0.3389830508474576
44,Infected,0.059322033898305086
44,Recovered_Immune,0.5932203389830508
44,Death,0.00847457627118644
44,Asymptomatic,0.9745762711864406
44,Hospitalization,0.00847457627118644
44,Severe,0.00847457627118644
45,Susceptible,0.3389830508474576
45,Infected,0.059322033898305086
45,Recovered_Immune,0.5932203389830508
45,Death,0.00847457627118644
45,Asymptomatic,0.9745762711864406
45,Hospitalization,0.00847457627118644
45,Severe,0.00847457627118644
46,Susceptible,0.3389830508474576
46,Infected,0.059322033898305086
46,Recovered_Immune,0.5932203389830508
46,Death,0.00847457627118644
46,Asymptomatic,0.9745762711864406
46,Hospitalization,0.00847457627118644
46,Severe,0.00847457627118644
47,Susceptible,0.3389830508474576
47,Infected,0.059322033898305086
47,Recovered_Immune,0.5932203389830508
47,Death,0.00847457627118644
47,Asymptomatic,0.9745762711864406
47,Hospitalization,0.00847457627118644
47,Severe,0.00847457627118644
48,Susceptible,0.3305084745762712
48,Infected,0.05084745762711865
48,Recovered_Immune,0.6101694915254238
48,Death,0.00847457627118644
48,Asymptomatic,0.9745762711864406
48,Hospitalization,0.00847457627118644
48,Severe,0.00847457627118644
49,Susceptible,0.3305084745762712
49,Infected,0.0423728813559322
49,Recovered_Immune,0.6186440677966102
49,Death,0.00847457627118644
49,Asymptomatic,0.9745762711864406
49,Hospitalization,0.00847457627118644
49,Severe,0.00847457627118644
50,Susceptible,0.3305084745762712
50,Infected,0.0423728813559322
50,Recovered_Immune,0.6186440677966102
50,Death,0.00847457627118644
50,Asymptomatic,0.9745762711864406
50,Hospitalization,0.00847457627118644
50,Severe,0.00847457627118644
51,Susceptible,0.3305084745762712
51,Infected,0.0423728813559322
51,Recovered_Immune,0.6186440677966102
51,Death,0.00847457627118644
51,Asymptomatic,0.9745762711864406
51,Hospitalization,0.00847457627118644
51,Severe,0.00847457627118644
52,Susceptible,0.3305084745762712
52,Infected,0.03389830508474576
52,Recovered_Immune,0.6271186440677966
52,Death,0.00847457627118644
52,Asymptomatic,0.9830508474576272
52,Hospitalization,0.0
52,Severe,0.00847457627118644
53,Susceptible,0.3305084745762712
53,Infected,0.03389830508474576
53,Recovered_Immune,0.6271186440677966
53,Death,0.00847457627118644
53,Asymptomatic,0.9830508474576272
53,Hospitalization,0.0
53,Severe,0.00847457627118644
54,Susceptible,0.3305084745762712
54,Infected,0.03389830508474576
54,Recovered_Immune,0.6271186440677966
54,Death,0.00847457627118644
54,Asymptomatic,0.9830508474576272
54,Hospitalization,0.0
54,Severe,0.00847457627118644
55,Susceptible,0.3305084745762712
55,Infected,0.03389830508474576
55,Recovered_Immune,0.6271186440677966
55,Death,0.00847457627118644
55,Asymptomatic,0.9830508474576272
55,Hospitalization,0.0
55,Severe,0.00847457627118644
56,Susceptible,0.3305084745762712
56,Infected,0.025423728813559324
56,Recovered_Immune,0.635593220338983
56,Death,0.00847457627118644
56,Asymptomatic,0.9830508474576272
56,Hospitalization,0.0
56,Severe,0.00847457627118644
57,Susceptible,0.3305084745762712
57,Infected,0.00847457627118644
57,Recovered_Immune,0.652542372881356
57,Death,0.00847457627118644
57,Asymptomatic,0.9915254237288136
57,Hospitalization,0.0
57,Severe,0.0
58,Susceptible,0.3305084745762712
58,Infected,0.00847457627118644
58,Recovered_Immune,0.652542372881356
58,Death,0.00847457627118644
58,Asymptomatic,0.9915254237288136
58,Hospitalization,0.0
58,Severe,0.0
59,Susceptible,0.3305084745762712
59,Infected,0.00847457627118644
59,Recovered_Immune,0.652542372881356
59,Death,0.00847457627118644
59,Asymptomatic,0.9915254237288136
59,Hospitalization,0.0
59,Severe,0.0
60,Susceptible,0.3305084745762712
60,Infected,0.00847457627118644
60,Recovered_Immune,0.652542372881356
60,Death,0.00847457627118644
60,Asymptomatic,0.9915254237288136
60,Hospitalization,0.0
60,Severe,0.0
61,Susceptible,0.3305084745762712
61,Infected,0.00847457627118644
61,Recovered_Immune,0.652542372881356
61,Death,0.00847457627118644
61,Asymptomatic,0.9915254237288136
61,Hospitalization,0.0
61,Severe,0.0
62,Susceptible,0.3305084745762712
62,Infected,0.00847457627118644
62,Recovered_Immune,0.652542372881356
62,Death,0.00847457627118644
62,Asymptomatic,0.9830508474576272
62,Hospitalization,0.00847457627118644
62,Severe,0.0
63,Susceptible,0.3305084745762712
63,Infected,0.00847457627118644
63,Recovered_Immune,0.652542372881356
63,Death,0.00847457627118644
63,Asymptomatic,0.9830508474576272
63,Hospitalization,0.00847457627118644
63,Severe,0.0
64,Susceptible,0.3305084745762712
64,Infected,0.00847457627118644
64,Recovered_Immune,0.652542372881356
64,Death,0.00847457627118644
64,Asymptomatic,0.9830508474576272
64,Hospitalization,0.00847457627118644
64,Severe,0.0
65,Susceptible,0.3305084745762712
65,Infected,0.00847457627118644
65,Recovered_Immune,0.652542372881356
65,Death,0.00847457627118644
65,Asymptomatic,0.9830508474576272
65,Hospitalization,0.00847457627118644
65,Severe,0.0
66,Susceptible,0.3305084745762712
66,Infected,0.00847457627118644
66,Recovered_Immune,0.652542372881356
66,Death,0.00847457627118644
66,Asymptomatic,0.9830508474576272
66,Hospitalization,0.00847457627118644
66,Severe,0.0
67,Susceptible,0.3305084745762712
67,Infected,0.00847457627118644
67,Recovered_Immune,0.652542372881356
67,Death,0.00847457627118644
67,Asymptomatic,0.9830508474576272
67,Hospitalization,0.00847457627118644
67,Severe,0.0
68,Susceptible,0.3305084745762712
68,Infected,0.00847457627118644
68,Recovered_Immune,0.652542372881356
68,Death,0.00847457627118644
68,Asymptomatic,0.9830508474576272
68,Hospitalization,0.00847457627118644
68,Severe,0.0
69,Susceptible,0.3305084745762712
69,Infected,0.0
69,Recovered_Immune,0.6610169491525424
69,Death,0.00847457627118644
69,Asymptomatic,0.9915254237288136
69,Hospitalization,0.0
69,Severe,0.0
70,Susceptible,0.3305084745762712
70,Infected,0.0
70,Recovered_Immune,0.6610169491525424
70,Death,0.00847457627118644
70,Asymptomatic,0.9915254237288136
70,Hospitalization,0.0
70,Severe,0.0
71,Susceptible,0.3305084745762712
71,Infected,0.0
71,Recovered_Immune,0.6610169491525424
71,Death,0.00847457627118644
71,Asymptomatic,0.9915254237288136
71,Hospitalization,0.0
71,Severe,0.0
72,Susceptible,0.3305084745762712
72,Infected,0.0
72,Recovered_Immune,0.6610169491525424
72,Death,0.00847457627118644
72,Asymptomatic,0.9915254237288136
72,Hospitalization,0.0
72,Severe,0.0
73,Susceptible,0.3305084745762712
73,Infected,0.0
73,Recovered_Immune,0.6610169491525424
73,Death,0.00847457627118644
73,Asymptomatic,0.9915254237288136
73,Hospitalization,0.0
73,Severe,0.0
74,Susceptible,0.3305084745762712
74,Infected,0.0
74,Recovered_Immune,0.6610169491525424
74,Death,0.00847457627118644
74,Asymptomatic,0.9915254237288136
74,Hospitalization,0.0
74,Severe,0.0
75,Susceptible,0.3305084745762712
75,Infected,0.0
75,Recovered_Immune,0.6610169491525424
75,Death,0.00847457627118644
75,Asymptomatic,0.9915254237288136
75,Hospitalization,0.0
75,Severe,0.0
76,Susceptible,0.3305084745762712
76,Infected,0.0
76,Recovered_Immune,0.6610169491525424
76,Death,0.00847457627118644
76,Asymptomatic,0.9915254237288136
76,Hospitalization,0.0
76,Severe,0.0
77,Susceptible,0.3305084745762712
77,Infected,0.0
77,Recovered_Immune,0.6610169491525424
77,Death,0.00847457627118644
77,Asymptomatic,0.9915254237288136
77,Hospitalization,0.0
77,Severe,0.0
78,Susceptible,0.3305084745762712
78,Infected,0.0
78,Recovered_Immune,0.6610169491525424
78,Death,0.00847457627118644
78,Asymptomatic,0.9915254237288136
78,Hospitalization,0.0
78,Severe,0.0
79,Susceptible,0.3305084745762712
79,Infected,0.0
79,Recovered_Immune,0.6610169491525424
79,Death,0.00847457627118644
79,Asymptomatic,0.9915254237288136
79,Hospitalization,0.0
79,Severe,0.0
80,Susceptible,0.3305084745762712
80,Infected,0.0
80,Recovered_Immune,0.6610169491525424
80,Death,0.00847457627118644
80,Asymptomatic,0.9915254237288136
80,Hospitalization,0.0
80,Severe,0.0
81,Susceptible,0.3305084745762712
81,Infected,0.0
81,Recovered_Immune,0.6610169491525424
81,Death,0.00847457627118644
81,Asymptomatic,0.9915254237288136
81,Hospitalization,0.0
81,Severe,0.0
82,Susceptible,0.3305084745762712
82,Infected,0.0
82,Recovered_Immune,0.6610169491525424
82,Death,0.00847457627118644
82,Asymptomatic,0.9915254237288136
82,Hospitalization,0.0
82,Severe,0.0
83,Susceptible,0.3305084745762712
83,Infected,0.0
83,Recovered_Immune,0.6610169491525424
83,Death,0.00847457627118644
83,Asymptomatic,0.9915254237288136
83,Hospitalization,0.0
83,Severe,0.0
84,Susceptible,0.3305084745762712
84,Infected,0.0
84,Recovered_Immune,0.6610169491525424
84,Death,0.00847457627118644
84,Asymptomatic,0.9915254237288136
84,Hospitalization,0.0
84,Severe,0.0
85,Susceptible,0.3305084745762712
85,Infected,0.0
85,Recovered_Immune,0.6610169491525424
85,Death,0.00847457627118644
85,Asymptomatic,0.9915254237288136
85,Hospitalization,0.0
85,Severe,0.0
86,Susceptible,0.3305084745762712
86,Infected,0.0
86,Recovered_Immune,0.6610169491525424
86,Death,0.00847457627118644
86,Asymptomatic,0.9915254237288136
86,Hospitalization,0.0
86,Severe,0.0
87,Susceptible,0.3305084745762712
87,Infected,0.0
87,Recovered_Immune,0.6610169491525424
87,Death,0.00847457627118644
87,Asymptomatic,0.9915254237288136
87,Hospitalization,0.0
87,Severe,0.0
88,Susceptible,0.3305084745762712
88,Infected,0.0
88,Recovered_Immune,0.6610169491525424
88,Death,0.00847457627118644
88,Asymptomatic,0.9915254237288136
88,Hospitalization,0.0
88,Severe,0.0
89,Susceptible,0.3305084745762712
89,Infected,0.0
89,Recovered_Immune,0.6610169491525424
89,Death,0.00847457627118644
89,Asymptomatic,0.9915254237288136
89,Hospitalization,0.0
89,Severe,0.0
90,Susceptible,0.3305084745762712
90,Infected,0.0
90,Recovered_Immune,0.6610169491525424
90,Death,0.00847457627118644
90,Asymptomatic,0.9915254237288136
90,Hospitalization,0.0
90,Severe,0.0
91,Susceptible,0.3305084745762712
91,Infected,0.0
91,Recovered_Immune,0.6610169491525424
91,Death,0.00847457627118644
91,Asymptomatic,0.9915254237288136
91,Hospitalization,0.0
91,Severe,0.0
92,Susceptible,0.3305084745762712
92,Infected,0.0
92,Recovered_Immune,0.6610169491525424
92,Death,0.00847457627118644
92,Asymptomatic,0.9915254237288136
92,Hospitalization,0.0
92,Severe,0.0
93,Susceptible,0.3305084745762712
93,Infected,0.0
93,Recovered_Immune,0.6610169491525424
93,Death,0.00847457627118644
93,Asymptomatic,0.9915254237288136
93,Hospitalization,0.0
93,Severe,0.0
94,Susceptible,0.3305084745762712
94,Infected,0.0
94,Recovered_Immune,0.6610169491525424
94,Death,0.00847457627118644
94,Asymptomatic,0.9915254237288136
94,Hospitalization,0.0
94,Severe,0.0
95,Susceptible,0.3305084745762712
95,Infected,0.0
95,Recovered_Immune,0.6610169491525424
95,Death,0.00847457627118644
95,Asymptomatic,0.9915254237288136
95,Hospitalization,0.0
95,Severe,0.0
96,Susceptible,0.3305084745762712
96,Infected,0.0
96,Recovered_Immune,0.6610169491525424
96,Death,0.00847457627118644
96,Asymptomatic,0.9915254237288136
96,Hospitalization,0.0
96,Severe,0.0
97,Susceptible,0.3305084745762712
97,Infected,0.0
97,Recovered_Immune,0.6610169491525424
97,Death,0.00847457627118644
97,Asymptomatic,0.9915254237288136
97,Hospitalization,0.0
97,Severe,0.0
98,Susceptible,0.3305084745762712
98,Infected,0.0
98,Recovered_Immune,0.6610169491525424
98,Death,0.00847457627118644
98,Asymptomatic,0.9915254237288136
98,Hospitalization,0.0
98,Severe,0.0
99,Susceptible,0.3305084745762712
99,Infected,0.0
99,Recovered_Immune,0.6610169491525424
99,Death,0.00847457627118644
99,Asymptomatic,0.9915254237288136
99,Hospitalization,0.0
99,Severe,0.0
100,Susceptible,0.3305084745762712
100,Infected,0.0
100,Recovered_Immune,0.6610169491525424
100,Death,0.00847457627118644
100,Asymptomatic,0.9915254237288136
100,Hospitalization,0.0
100,Severe,0.0
101,Susceptible,0.3305084745762712
101,Infected,0.0
101,Recovered_Immune,0.6610169491525424
101,Death,0.00847457627118644
101,Asymptomatic,0.9915254237288136
101,Hospitalization,0.0
101,Severe,0.0
102,Susceptible,0.3305084745762712
102,Infected,0.0
102,Recovered_Immune,0.6610169491525424
102,Death,0.00847457627118644
102,Asymptomatic,0.9915254237288136
102,Hospitalization,0.0
102,Severe,0.0
103,Susceptible,0.3305084745762712
103,Infected,0.0
103,Recovered_Immune,0.6610169491525424
103,Death,0.00847457627118644
103,Asymptomatic,0.9915254237288136
103,Hospitalization,0.0
103,Severe,0.0
104,Susceptible,0.3305084745762712
104,Infected,0.0
104,Recovered_Immune,0.6610169491525424
104,Death,0.00847457627118644
104,Asymptomatic,0.9915254237288136
104,Hospitalization,0.0
104,Severe,0.0
105,Susceptible,0.3305084745762712
105,Infected,0.0
105,Recovered_Immune,0.6610169491525424
105,Death,0.00847457627118644
105,Asymptomatic,0.9915254237288136
105,Hospitalization,0.0
105,Severe,0.0
106,Susceptible,0.3305084745762712
106,Infected,0.0
106,Recovered_Immune,0.6610169491525424
106,Death,0.00847457627118644
106,Asymptomatic,0.9915254237288136
106,Hospitalization,0.0
106,Severe,0.0
107,Susceptible,0.3305084745762712
107,Infected,0.0
107,Recovered_Immune,0.6610169491525424
107,Death,0.00847457627118644
107,Asymptomatic,0.9915254237288136
107,Hospitalization,0.0
107,Severe,0.0
108,Susceptible,0.3305084745762712
108,Infected,0.0
108,Recovered_Immune,0.6610169491525424
108,Death,0.00847457627118644
108,Asymptomatic,0.9915254237288136
108,Hospitalization,0.0
108,Severe,0.0
109,Susceptible,0.3305084745762712
109,Infected,0.0
109,Recovered_Immune,0.6610169491525424
109,Death,0.00847457627118644
109,Asymptomatic,0.9915254237288136
109,Hospitalization,0.0
109,Severe,0.0
110,Susceptible,0.3305084745762712
110,Infected,0.0
110,Recovered_Immune,0.6610169491525424
110,Death,0.00847457627118644
110,Asymptomatic,0.9915254237288136
110,Hospitalization,0.0
110,Severe,0.0
111,Susceptible,0.3305084745762712
111,Infected,0.0
111,Recovered_Immune,0.6610169491525424
111,Death,0.00847457627118644
111,Asymptomatic,0.9915254237288136
111,Hospitalization,0.0
111,Severe,0.0
112,Susceptible,0.3305084745762712
112,Infected,0.0
112,Recovered_Immune,0.6610169491525424
112,Death,0.00847457627118644
112,Asymptomatic,0.9915254237288136
112,Hospitalization,0.0
112,Severe,0.0
113,Susceptible,0.3305084745762712
113,Infected,0.0
113,Recovered_Immune,0.6610169491525424
113,Death,0.00847457627118644
113,Asymptomatic,0.9915254237288136
113,Hospitalization,0.0
113,Severe,0.0
114,Susceptible,0.3305084745762712
114,Infected,0.0
114,Recovered_Immune,0.6610169491525424
114,Death,0.00847457627118644
114,Asymptomatic,0.9915254237288136
114,Hospitalization,0.0
114,Severe,0.0
115,Susceptible,0.3305084745762712
115,Infected,0.0
115,Recovered_Immune,0.6610169491525424
115,Death,0.00847457627118644
115,Asymptomatic,0.9915254237288136
115,Hospitalization,0.0
115,Severe,0.0
116,Susceptible,0.3305084745762712
116,Infected,0.0
116,Recovered_Immune,0.6610169491525424
116,Death,0.00847457627118644
116,Asymptomatic,0.9915254237288136
116,Hospitalization,0.0
116,Severe,0.0
117,Susceptible,0.3305084745762712
117,Infected,0.0
117,Recovered_Immune,0.6610169491525424
117,Death,0.00847457627118644
117,Asymptomatic,0.9915254237288136
117,Hospitalization,0.0
117,Severe,0.0
118,Susceptible,0.3305084745762712
118,Infected,0.0
118,Recovered_Immune,0.6610169491525424
118,Death,0.00847457627118644
118,Asymptomatic,0.9915254237288136
118,Hospitalization,0.0
118,Severe,0.0
119,Susceptible,0.3305084745762712
119,Infected,0.0
119,Recovered_Immune,0.6610169491525424
119,Death,0.00847457627118644
119,Asymptomatic,0.9915254237288136
119,Hospitalization,0.0
119,Severe,0.0
120,Susceptible,0.3305084745762712
120,Infected,0.0
120,Recovered_Immune,0.6610169491525424
120,Death,0.00847457627118644
120,Asymptomatic,0.9915254237288136
120,Hospitalization,0.0
120,Severe,0.0
121,Susceptible,0.3305084745762712
121,Infected,0.0
121,Recovered_Immune,0.6610169491525424
121,Death,0.00847457627118644
121,Asymptomatic,0.9915254237288136
121,Hospitalization,0.0
121,Severe,0.0
122,Susceptible,0.3305084745762712
122,Infected,0.0
122,Recovered_Immune,0.6610169491525424
122,Death,0.00847457627118644
122,Asymptomatic,0.9915254237288136
122,Hospitalization,0.0
122,Severe,0.0
123,Susceptible,0.3305084745762712
123,Infected,0.0
123,Recovered_Immune,0.6610169491525424
123,Death,0.00847457627118644
123,Asymptomatic,0.9915254237288136
123,Hospitalization,0.0
123,Severe,0.0
124,Susceptible,0.3305084745762712
124,Infected,0.0
124,Recovered_Immune,0.6610169491525424
124,Death,0.00847457627118644
124,Asymptomatic,0.9915254237288136
124,Hospitalization,0.0
124,Severe,0.0
125,Susceptible,0.3305084745762712
125,Infected,0.0
125,Recovered_Immune,0.6610169491525424
125,Death,0.00847457627118644
125,Asymptomatic,0.9915254237288136
125,Hospitalization,0.0
125,Severe,0.0
126,Susceptible,0.3305084745762712
126,Infected,0.0
126,Recovered_Immune,0.6610169491525424
126,Death,0.00847457627118644
126,Asymptomatic,0.9915254237288136
126,Hospitalization,0.0
126,Severe,0.0
127,Susceptible,0.3305084745762712
127,Infected,0.0
127,Recovered_Immune,0.6610169491525424
127,Death,0.00847457627118644
127,Asymptomatic,0.9915254237288136
127,Hospitalization,0.0
127,Severe,0.0
128,Susceptible,0.3305084745762712
128,Infected,0.0
128,Recovered_Immune,0.6610169491525424
128,Death,0.00847457627118644
128,Asymptomatic,0.9915254237288136
128,Hospitalization,0.0
128,Severe,0.0
129,Susceptible,0.3305084745762712
129,Infected,0.0
129,Recovered_Immune,0.6610169491525424
129,Death,0.00847457627118644
129,Asymptomatic,0.9915254237288136
129,Hospitalization,0.0
129,Severe,0.0
130,Susceptible,0.3305084745762712
130,Infected,0.0
130,Recovered_Immune,0.6610169491525424
130,Death,0.00847457627118644
130,Asymptomatic,0.9915254237288136
130,Hospitalization,0.0
130,Severe,0.0
131,Susceptible,0.3305084745762712
131,Infected,0.0
131,Recovered_Immune,0.6610169491525424
131,Death,0.00847457627118644
131,Asymptomatic,0.9915254237288136
131,Hospitalization,0.0
131,Severe,0.0
132,Susceptible,0.3305084745762712
132,Infected,0.0
132,Recovered_Immune,0.6610169491525424
132,Death,0.00847457627118644
132,Asymptomatic,0.9915254237288136
132,Hospitalization,0.0
132,Severe,0.0
133,Susceptible,0.3305084745762712
133,Infected,0.0
133,Recovered_Immune,0.6610169491525424
133,Death,0.00847457627118644
133,Asymptomatic,0.9915254237288136
133,Hospitalization,0.0
133,Severe,0.0
134,Susceptible,0.3305084745762712
134,Infected,0.0
134,Recovered_Immune,0.6610169491525424
134,Death,0.00847457627118644
134,Asymptomatic,0.9915254237288136
134,Hospitalization,0.0
134,Severe,0.0
135,Susceptible,0.3305084745762712
135,Infected,0.0
135,Recovered_Immune,0.6610169491525424
135,Death,0.00847457627118644
135,Asymptomatic,0.9915254237288136
135,Hospitalization,0.0
135,Severe,0.0
136,Susceptible,0.3305084745762712
136,Infected,0.0
136,Recovered_Immune,0.6610169491525424
136,Death,0.00847457627118644
136,Asymptomatic,0.9915254237288136
136,Hospitalization,0.0
136,Severe,0.0
137,Susceptible,0.3305084745762712
137,Infected,0.0
137,Recovered_Immune,0.6610169491525424
137,Death,0.00847457627118644
137,Asymptomatic,0.9915254237288136
137,Hospitalization,0.0
137,Severe,0.0
138,Susceptible,0.3305084745762712
138,Infected,0.0
138,Recovered_Immune,0.6610169491525424
138,Death,0.00847457627118644
138,Asymptomatic,0.9915254237288136
138,Hospitalization,0.0
138,Severe,0.0
139,Susceptible,0.3305084745762712
139,Infected,0.0
139,Recovered_Immune,0.6610169491525424
139,Death,0.00847457627118644
139,Asymptomatic,0.9915254237288136
139,Hospitalization,0.0
139,Severe,0.0
140,Susceptible,0.3305084745762712
140,Infected,0.0
140,Recovered_Immune,0.6610169491525424
140,Death,0.00847457627118644
140,Asymptomatic,0.9915254237288136
140,Hospitalization,0.0
140,Severe,0.0
141,Susceptible,0.3305084745762712
141,Infected,0.0
141,Recovered_Immune,0.6610169491525424
141,Death,0.00847457627118644
141,Asymptomatic,0.9915254237288136
141,Hospitalization,0.0
141,Severe,0.0
142,Susceptible,0.3305084745762712
142,Infected,0.0
142,Recovered_Immune,0.6610169491525424
142,Death,0.00847457627118644
142,Asymptomatic,0.9915254237288136
142,Hospitalization,0.0
142,Severe,0.0
143,Susceptible,0.3305084745762712
143,Infected,0.0
143,Recovered_Immune,0.6610169491525424
143,Death,0.00847457627118644
143,Asymptomatic,0.9915254237288136
143,Hospitalization,0.0
143,Severe,0.0
144,Susceptible,0.3305084745762712
144,Infected,0.0
144,Recovered_Immune,0.6610169491525424
144,Death,0.00847457627118644
144,Asymptomatic,0.9915254237288136
144,Hospitalization,0.0
144,Severe,0.0
145,Susceptible,0.3305084745762712
145,Infected,0.0
145,Recovered_Immune,0.6610169491525424
145,Death,0.00847457627118644
145,Asymptomatic,0.9915254237288136
145,Hospitalization,0.0
145,Severe,0.0
