Iteration,Metric,Avg
0,Susceptible,0.9152542372881356
0,Infected,0.059322033898305086
0,Recovered_Immune,0.025423728813559324
0,Death,0.0
0,Asymptomatic,1.0
0,Hospitalization,0.0
0,Severe,0.0
1,Susceptible,0.9067796610169492
1,Infected,0.06779661016949153
1,Recovered_Immune,0.025423728813559324
1,Death,0.0
1,Asymptomatic,1.0
1,Hospitalization,0.0
1,Severe,0.0
2,Susceptible,0.8898305084745762
2,Infected,0.0847457627118644
2,Recovered_Immune,0.025423728813559324
2,Death,0.0
2,Asymptomatic,0.9915254237288136
2,Hospitalization,0.00847457627118644
2,Severe,0.0
3,Susceptible,0.7457627118644068
3,Infected,0.2288135593220339
3,Recovered_Immune,0.025423728813559324
3,Death,0.0
3,Asymptomatic,0.9915254237288136
3,Hospitalization,0.00847457627118644
3,Severe,0.0
4,Susceptible,0.6016949152542372
4,Infected,0.3728813559322034
4,Recovered_Immune,0.025423728813559324
4,Death,0.0
4,Asymptomatic,0.9915254237288136
4,Hospitalization,0.00847457627118644
4,Severe,0.0
5,Susceptible,0.576271186440678
5,Infected,0.3983050847457627
5,Recovered_Immune,0.025423728813559324
5,Death,0.0
5,Asymptomatic,0.9915254237288136
5,Hospitalization,0.00847457627118644
5,Severe,0.0
6,Susceptible,0.5338983050847458
6,Infected,0.4406779661016949
6,Recovered_Immune,0.025423728813559324
6,Death,0.0
6,Asymptomatic,0.9915254237288136
6,Hospitalization,0.00847457627118644
6,Severe,0.0
7,Susceptible,0.5169491525423728
7,Infected,0.4576271186440678
7,Recovered_Immune,0.025423728813559324
7,Death,0.0
7,Asymptomatic,0.9915254237288136
7,Hospitalization,0.00847457627118644
7,Severe,0.0
8,Susceptible,0.4745762711864407
8,Infected,0.5
8,Recovered_Immune,0.025423728813559324
8,Death,0.0
8,Asymptomatic,0.9830508474576272
8,Hospitalization,0.01694915254237288
8,Severe,0.0
9,Susceptible,0.4152542372881356
9,Infected,0.559322033898305
9,Recovered_Immune,0.025423728813559324
9,Death,0.0
9,Asymptomatic,0.9830508474576272
9,Hospitalization,0.01694915254237288
9,Severe,0.0
10,Susceptible,0.3898305084745763
10,Infected,0.5847457627118644
10,Recovered_Immune,0.025423728813559324
10,Death,0.0
10,Asymptomatic,0.9661016949152542
10,Hospitalization,0.025423728813559324
10,Severe,0.00847457627118644
11,Susceptible,0.3728813559322034
11,Infected,0.6016949152542372
11,Recovered_Immune,0.025423728813559324
11,Death,0.0
11,Asymptomatic,0.9576271186440678
11,Hospitalization,0.03389830508474576
11,Severe,0.00847457627118644
12,Susceptible,0.3559322033898305
12,Infected,0.6186440677966102
12,Recovered_Immune,0.025423728813559324
12,Death,0.0
12,Asymptomatic,0.9491525423728814
12,Hospitalization,0.03389830508474576
12,Severe,0.01694915254237288
13,Susceptible,0.3474576271186441
13,Infected,0.6271186440677966
13,Recovered_Immune,0.025423728813559324
13,Death,0.0
13,Asymptomatic,0.9491525423728814
13,Hospitalization,0.03389830508474576
13,Severe,0.01694915254237288
14,Susceptible,0.3389830508474576
14,Infected,0.635593220338983
14,Recovered_Immune,0.025423728813559324
14,Death,0.0
14,Asymptomatic,0.9491525423728814
14,Hospitalization,0.03389830508474576
14,Severe,0.01694915254237288
15,Susceptible,0.3389830508474576
15,Infected,0.6186440677966102
15,Recovered_Immune,0.025423728813559324
15,Death,0.01694915254237288
15,Asymptomatic,0.923728813559322
15,Hospitalization,0.0423728813559322
15,Severe,0.01694915254237288
16,Susceptible,0.3305084745762712
16,Infected,0.6186440677966102
16,Recovered_Immune,0.025423728813559324
16,Death,0.025423728813559324
16,Asymptomatic,0.9152542372881356
16,Hospitalization,0.0423728813559322
16,Severe,0.01694915254237288
17,Susceptible,0.3305084745762712
17,Infected,0.6101694915254238
17,Recovered_Immune,0.025423728813559324
17,Death,0.03389830508474576
17,Asymptomatic,0.9067796610169492
17,Hospitalization,0.0423728813559322
17,Severe,0.01694915254237288
18,Susceptible,0.3220338983050847
18,Infected,0.6016949152542372
18,Recovered_Immune,0.025423728813559324
18,Death,0.05084745762711865
18,Asymptomatic,0.9067796610169492
18,Hospitalization,0.025423728813559324
18,Severe,0.01694915254237288
19,Susceptible,0.3220338983050847
19,Infected,0.5932203389830508
19,Recovered_Immune,0.025423728813559324
19,Death,0.059322033898305086
19,Asymptomatic,0.8983050847457628
19,Hospitalization,0.025423728813559324
19,Severe,0.01694915254237288
20,Susceptible,0.3135593220338983
20,Infected,0.5932203389830508
20,Recovered_Immune,0.03389830508474576
20,Death,0.059322033898305086
20,Asymptomatic,0.8983050847457628
20,Hospitalization,0.025423728813559324
20,Severe,0.01694915254237288
21,Susceptible,0.3050847457627119
21,Infected,0.559322033898305
21,Recovered_Immune,0.07627118644067797
21,Death,0.059322033898305086
21,Asymptomatic,0.9067796610169492
21,Hospitalization,0.025423728813559324
21,Severe,0.00847457627118644
22,Susceptible,0.2966101694915254
22,Infected,0.559322033898305
22,Recovered_Immune,0.0847457627118644
22,Death,0.059322033898305086
22,Asymptomatic,0.9067796610169492
22,Hospitalization,0.01694915254237288
22,Severe,0.01694915254237288
23,Susceptible,0.288135593220339
23,Infected,0.5508474576271186
23,Recovered_Immune,0.09322033898305085
23,Death,0.06779661016949153
23,Asymptomatic,0.8983050847457628
23,Hospitalization,0.01694915254237288
23,Severe,0.01694915254237288
24,Susceptible,0.288135593220339
24,Infected,0.423728813559322
24,Recovered_Immune,0.22033898305084745
24,Death,0.06779661016949153
24,Asymptomatic,0.8983050847457628
24,Hospitalization,0.01694915254237288
24,Severe,0.01694915254237288
25,Susceptible,0.288135593220339
25,Infected,0.288135593220339
25,Recovered_Immune,0.3559322033898305
25,Death,0.06779661016949153
25,Asymptomatic,0.9067796610169492
25,Hospitalization,0.01694915254237288
25,Severe,0.00847457627118644
26,Susceptible,0.2796610169491525
26,Infected,0.2711864406779661
26,Recovered_Immune,0.3813559322033898
26,Death,0.06779661016949153
26,Asymptomatic,0.9067796610169492
26,Hospitalization,0.01694915254237288
26,Severe,0.00847457627118644
27,Susceptible,0.2796610169491525
27,Infected,0.2288135593220339
27,Recovered_Immune,0.423728813559322
27,Death,0.06779661016949153
27,Asymptomatic,0.9152542372881356
27,Hospitalization,0.00847457627118644
27,Severe,0.00847457627118644
28,Susceptible,0.2711864406779661
28,Infected,0.22033898305084745
28,Recovered_Immune,0.4406779661016949
28,Death,0.06779661016949153
28,Asymptomatic,0.9152542372881356
28,Hospitalization,0.00847457627118644
28,Severe,0.00847457627118644
29,Susceptible,0.2711864406779661
29,Infected,0.17796610169491525
29,Recovered_Immune,0.4745762711864407
29,Death,0.07627118644067797
29,Asymptomatic,0.9152542372881356
29,Hospitalization,0.0
29,Severe,0.00847457627118644
30,Susceptible,0.2711864406779661
30,Infected,0.1271186440677966
30,Recovered_Immune,0.5254237288135594
30,Death,0.07627118644067797
30,Asymptomatic,0.9152542372881356
30,Hospitalization,0.0
30,Severe,0.00847457627118644
31,Susceptible,0.2711864406779661
31,Infected,0.11016949152542373
31,Recovered_Immune,0.5423728813559322
31,Death,0.07627118644067797
31,Asymptomatic,0.923728813559322
31,Hospitalization,0.0
31,Severe,0.0
32,Susceptible,0.2711864406779661
32,Infected,0.09322033898305085
32,Recovered_Immune,0.559322033898305
32,Death,0.07627118644067797
32,Asymptomatic,0.923728813559322
32,Hospitalization,0.0
32,Severe,0.0
33,Susceptible,0.2627118644067797
33,Infected,0.09322033898305085
33,Recovered_Immune,0.5677966101694916
33,Death,0.07627118644067797
33,Asymptomatic,0.923728813559322
33,Hospitalization,0.0
33,Severe,0.0
34,Susceptible,0.2542372881355932
34,Infected,0.09322033898305085
34,Recovered_Immune,0.576271186440678
34,Death,0.07627118644067797
34,Asymptomatic,0.923728813559322
34,Hospitalization,0.0
34,Severe,0.0
35,Susceptible,0.22033898305084745
35,Infected,0.11864406779661017
35,Recovered_Immune,0.5847457627118644
35,Death,0.07627118644067797
35,Asymptomatic,0.9152542372881356
35,Hospitalization,0.00847457627118644
35,Severe,0.0
36,Susceptible,0.22033898305084745
36,Infected,0.11864406779661017
36,Recovered_Immune,0.5847457627118644
36,Death,0.07627118644067797
36,Asymptomatic,0.9152542372881356
36,Hospitalization,0.00847457627118644
36,Severe,0.0
37,Susceptible,0.22033898305084745
37,Infected,0.11016949152542373
37,Recovered_Immune,0.5932203389830508
37,Death,0.07627118644067797
37,Asymptomatic,0.9152542372881356
37,Hospitalization,0.00847457627118644
37,Severe,0.0
38,Susceptible,0.22033898305084745
38,Infected,0.1016949152542373
38,Recovered_Immune,0.5932203389830508
38,Death,0.0847457627118644
38,Asymptomatic,0.9067796610169492
38,Hospitalization,0.00847457627118644
38,Severe,0.0
39,Susceptible,0.22033898305084745
39,Infected,0.09322033898305085
39,Recovered_Immune,0.6016949152542372
39,Death,0.0847457627118644
39,Asymptomatic,0.9067796610169492
39,Hospitalization,0.00847457627118644
39,Severe,0.0
40,Susceptible,0.211864406779661
40,Infected,0.1016949152542373
40,Recovered_Immune,0.6016949152542372
40,Death,0.0847457627118644
40,Asymptomatic,0.9067796610169492
40,Hospitalization,0.0
40,Severe,0.00847457627118644
41,Susceptible,0.211864406779661
41,Infected,0.09322033898305085
41,Recovered_Immune,0.6101694915254238
41,Death,0.0847457627118644
41,Asymptomatic,0.9067796610169492
41,Hospitalization,0.0
41,Severe,0.00847457627118644
42,Susceptible,0.211864406779661
42,Infected,0.0847457627118644
42,Recovered_Immune,0.6186440677966102
42,Death,0.0847457627118644
42,Asymptomatic,0.9152542372881356
42,Hospitalization,0.0
42,Severe,0.0
43,Susceptible,0.211864406779661
43,Infected,0.07627118644067797
43,Recovered_Immune,0.6271186440677966
43,Death,0.0847457627118644
43,Asymptomatic,0.9152542372881356
43,Hospitalization,0.0
43,Severe,0.0
44,Susceptible,0.211864406779661
44,Infected,0.06779661016949153
44,Recovered_Immune,0.635593220338983
44,Death,0.0847457627118644
44,Asymptomatic,0.9152542372881356
44,Hospitalization,0.0
44,Severe,0.0
45,Susceptible,0.211864406779661
45,Infected,0.06779661016949153
45,Recovered_Immune,0.635593220338983
45,Death,0.0847457627118644
45,Asymptomatic,0.9152542372881356
45,Hospitalization,0.0
45,Severe,0.0
46,Susceptible,0.211864406779661
46,Infected,0.06779661016949153
46,Recovered_Immune,0.635593220338983
46,Death,0.0847457627118644
46,Asymptomatic,0.9152542372881356
46,Hospitalization,0.0
46,Severe,0.0
47,Susceptible,0.211864406779661
47,Infected,0.059322033898305086
47,Recovered_Immune,0.6440677966101694
47,Death,0.0847457627118644
47,Asymptomatic,0.9152542372881356
47,Hospitalization,0.0
47,Severe,0.0
48,Susceptible,0.211864406779661
48,Infected,0.059322033898305086
48,Recovered_Immune,0.6440677966101694
48,Death,0.0847457627118644
48,Asymptomatic,0.9152542372881356
48,Hospitalization,0.0
48,Severe,0.0
49,Susceptible,0.211864406779661
49,Infected,0.059322033898305086
49,Recovered_Immune,0.6440677966101694
49,Death,0.0847457627118644
49,Asymptomatic,0.9152542372881356
49,Hospitalization,0.0
49,Severe,0.0
50,Susceptible,0.211864406779661
50,Infected,0.059322033898305086
50,Recovered_Immune,0.6440677966101694
50,Death,0.0847457627118644
50,Asymptomatic,0.9152542372881356
50,Hospitalization,0.0
50,Severe,0.0
51,Susceptible,0.211864406779661
51,Infected,0.059322033898305086
51,Recovered_Immune,0.6440677966101694
51,Death,0.0847457627118644
51,Asymptomatic,0.9152542372881356
51,Hospitalization,0.0
51,Severe,0.0
52,Susceptible,0.211864406779661
52,Infected,0.059322033898305086
52,Recovered_Immune,0.6440677966101694
52,Death,0.0847457627118644
52,Asymptomatic,0.9152542372881356
52,Hospitalization,0.0
52,Severe,0.0
53,Susceptible,0.211864406779661
53,Infected,0.059322033898305086
53,Recovered_Immune,0.6440677966101694
53,Death,0.0847457627118644
53,Asymptomatic,0.9152542372881356
53,Hospitalization,0.0
53,Severe,0.0
54,Susceptible,0.211864406779661
54,Infected,0.05084745762711865
54,Recovered_Immune,0.652542372881356
54,Death,0.0847457627118644
54,Asymptomatic,0.9152542372881356
54,Hospitalization,0.0
54,Severe,0.0
55,Susceptible,0.211864406779661
55,Infected,0.0423728813559322
55,Recovered_Immune,0.6610169491525424
55,Death,0.0847457627118644
55,Asymptomatic,0.9152542372881356
55,Hospitalization,0.0
55,Severe,0.0
56,Susceptible,0.211864406779661
56,Infected,0.00847457627118644
56,Recovered_Immune,0.6949152542372882
56,Death,0.0847457627118644
56,Asymptomatic,0.9152542372881356
56,Hospitalization,0.0
56,Severe,0.0
57,Susceptible,0.211864406779661
57,Infected,0.00847457627118644
57,Recovered_Immune,0.6949152542372882
57,Death,0.0847457627118644
57,Asymptomatic,0.9152542372881356
57,Hospitalization,0.0
57,Severe,0.0
58,Susceptible,0.211864406779661
58,Infected,0.00847457627118644
58,Recovered_Immune,0.6949152542372882
58,Death,0.0847457627118644
58,Asymptomatic,0.9152542372881356
58,Hospitalization,0.0
58,Severe,0.0
59,Susceptible,0.211864406779661
59,Infected,0.00847457627118644
59,Recovered_Immune,0.6949152542372882
59,Death,0.0847457627118644
59,Asymptomatic,0.9152542372881356
59,Hospitalization,0.0
59,Severe,0.0
60,Susceptible,0.211864406779661
60,Infected,0.00847457627118644
60,Recovered_Immune,0.6949152542372882
60,Death,0.0847457627118644
60,Asymptomatic,0.9152542372881356
60,Hospitalization,0.0
60,Severe,0.0
61,Susceptible,0.211864406779661
61,Infected,0.0
61,Recovered_Immune,0.7033898305084746
61,Death,0.0847457627118644
61,Asymptomatic,0.9152542372881356
61,Hospitalization,0.0
61,Severe,0.0
62,Susceptible,0.211864406779661
62,Infected,0.0
62,Recovered_Immune,0.7033898305084746
62,Death,0.0847457627118644
62,Asymptomatic,0.9152542372881356
62,Hospitalization,0.0
62,Severe,0.0
63,Susceptible,0.211864406779661
63,Infected,0.0
63,Recovered_Immune,0.7033898305084746
63,Death,0.0847457627118644
63,Asymptomatic,0.9152542372881356
63,Hospitalization,0.0
63,Severe,0.0
64,Susceptible,0.211864406779661
64,Infected,0.0
64,Recovered_Immune,0.7033898305084746
64,Death,0.0847457627118644
64,Asymptomatic,0.9152542372881356
64,Hospitalization,0.0
64,Severe,0.0
65,Susceptible,0.211864406779661
65,Infected,0.0
65,Recovered_Immune,0.7033898305084746
65,Death,0.0847457627118644
65,Asymptomatic,0.9152542372881356
65,Hospitalization,0.0
65,Severe,0.0
66,Susceptible,0.211864406779661
66,Infected,0.0
66,Recovered_Immune,0.7033898305084746
66,Death,0.0847457627118644
66,Asymptomatic,0.9152542372881356
66,Hospitalization,0.0
66,Severe,0.0
67,Susceptible,0.211864406779661
67,Infected,0.0
67,Recovered_Immune,0.7033898305084746
67,Death,0.0847457627118644
67,Asymptomatic,0.9152542372881356
67,Hospitalization,0.0
67,Severe,0.0
68,Susceptible,0.211864406779661
68,Infected,0.0
68,Recovered_Immune,0.7033898305084746
68,Death,0.0847457627118644
68,Asymptomatic,0.9152542372881356
68,Hospitalization,0.0
68,Severe,0.0
69,Susceptible,0.211864406779661
69,Infected,0.0
69,Recovered_Immune,0.7033898305084746
69,Death,0.0847457627118644
69,Asymptomatic,0.9152542372881356
69,Hospitalization,0.0
69,Severe,0.0
70,Susceptible,0.211864406779661
70,Infected,0.0
70,Recovered_Immune,0.7033898305084746
70,Death,0.0847457627118644
70,Asymptomatic,0.9152542372881356
70,Hospitalization,0.0
70,Severe,0.0
71,Susceptible,0.211864406779661
71,Infected,0.0
71,Recovered_Immune,0.7033898305084746
71,Death,0.0847457627118644
71,Asymptomatic,0.9152542372881356
71,Hospitalization,0.0
71,Severe,0.0
72,Susceptible,0.211864406779661
72,Infected,0.0
72,Recovered_Immune,0.7033898305084746
72,Death,0.0847457627118644
72,Asymptomatic,0.9152542372881356
72,Hospitalization,0.0
72,Severe,0.0
73,Susceptible,0.211864406779661
73,Infected,0.0
73,Recovered_Immune,0.7033898305084746
73,Death,0.0847457627118644
73,Asymptomatic,0.9152542372881356
73,Hospitalization,0.0
73,Severe,0.0
74,Susceptible,0.211864406779661
74,Infected,0.0
74,Recovered_Immune,0.7033898305084746
74,Death,0.0847457627118644
74,Asymptomatic,0.9152542372881356
74,Hospitalization,0.0
74,Severe,0.0
75,Susceptible,0.211864406779661
75,Infected,0.0
75,Recovered_Immune,0.7033898305084746
75,Death,0.0847457627118644
75,Asymptomatic,0.9152542372881356
75,Hospitalization,0.0
75,Severe,0.0
76,Susceptible,0.211864406779661
76,Infected,0.0
76,Recovered_Immune,0.7033898305084746
76,Death,0.0847457627118644
76,Asymptomatic,0.9152542372881356
76,Hospitalization,0.0
76,Severe,0.0
77,Susceptible,0.211864406779661
77,Infected,0.0
77,Recovered_Immune,0.7033898305084746
77,Death,0.0847457627118644
77,Asymptomatic,0.9152542372881356
77,Hospitalization,0.0
77,Severe,0.0
78,Susceptible,0.211864406779661
78,Infected,0.0
78,Recovered_Immune,0.7033898305084746
78,Death,0.0847457627118644
78,Asymptomatic,0.9152542372881356
78,Hospitalization,0.0
78,Severe,0.0
79,Susceptible,0.211864406779661
79,Infected,0.0
79,Recovered_Immune,0.7033898305084746
79,Death,0.0847457627118644
79,Asymptomatic,0.9152542372881356
79,Hospitalization,0.0
79,Severe,0.0
80,Susceptible,0.211864406779661
80,Infected,0.0
80,Recovered_Immune,0.7033898305084746
80,Death,0.0847457627118644
80,Asymptomatic,0.9152542372881356
80,Hospitalization,0.0
80,Severe,0.0
81,Susceptible,0.211864406779661
81,Infected,0.0
81,Recovered_Immune,0.7033898305084746
81,Death,0.0847457627118644
81,Asymptomatic,0.9152542372881356
81,Hospitalization,0.0
81,Severe,0.0
82,Susceptible,0.211864406779661
82,Infected,0.0
82,Recovered_Immune,0.7033898305084746
82,Death,0.0847457627118644
82,Asymptomatic,0.9152542372881356
82,Hospitalization,0.0
82,Severe,0.0
83,Susceptible,0.211864406779661
83,Infected,0.0
83,Recovered_Immune,0.7033898305084746
83,Death,0.0847457627118644
83,Asymptomatic,0.9152542372881356
83,Hospitalization,0.0
83,Severe,0.0
84,Susceptible,0.211864406779661
84,Infected,0.0
84,Recovered_Immune,0.7033898305084746
84,Death,0.0847457627118644
84,Asymptomatic,0.9152542372881356
84,Hospitalization,0.0
84,Severe,0.0
85,Susceptible,0.211864406779661
85,Infected,0.0
85,Recovered_Immune,0.7033898305084746
85,Death,0.0847457627118644
85,Asymptomatic,0.9152542372881356
85,Hospitalization,0.0
85,Severe,0.0
86,Susceptible,0.211864406779661
86,Infected,0.0
86,Recovered_Immune,0.7033898305084746
86,Death,0.0847457627118644
86,Asymptomatic,0.9152542372881356
86,Hospitalization,0.0
86,Severe,0.0
87,Susceptible,0.211864406779661
87,Infected,0.0
87,Recovered_Immune,0.7033898305084746
87,Death,0.0847457627118644
87,Asymptomatic,0.9152542372881356
87,Hospitalization,0.0
87,Severe,0.0
88,Susceptible,0.211864406779661
88,Infected,0.0
88,Recovered_Immune,0.7033898305084746
88,Death,0.0847457627118644
88,Asymptomatic,0.9152542372881356
88,Hospitalization,0.0
88,Severe,0.0
89,Susceptible,0.211864406779661
89,Infected,0.0
89,Recovered_Immune,0.7033898305084746
89,Death,0.0847457627118644
89,Asymptomatic,0.9152542372881356
89,Hospitalization,0.0
89,Severe,0.0
90,Susceptible,0.211864406779661
90,Infected,0.0
90,Recovered_Immune,0.7033898305084746
90,Death,0.0847457627118644
90,Asymptomatic,0.9152542372881356
90,Hospitalization,0.0
90,Severe,0.0
91,Susceptible,0.211864406779661
91,Infected,0.0
91,Recovered_Immune,0.7033898305084746
91,Death,0.0847457627118644
91,Asymptomatic,0.9152542372881356
91,Hospitalization,0.0
91,Severe,0.0
92,Susceptible,0.211864406779661
92,Infected,0.0
92,Recovered_Immune,0.7033898305084746
92,Death,0.0847457627118644
92,Asymptomatic,0.9152542372881356
92,Hospitalization,0.0
92,Severe,0.0
93,Susceptible,0.211864406779661
93,Infected,0.0
93,Recovered_Immune,0.7033898305084746
93,Death,0.0847457627118644
93,Asymptomatic,0.9152542372881356
93,Hospitalization,0.0
93,Severe,0.0
94,Susceptible,0.211864406779661
94,Infected,0.0
94,Recovered_Immune,0.7033898305084746
94,Death,0.0847457627118644
94,Asymptomatic,0.9152542372881356
94,Hospitalization,0.0
94,Severe,0.0
95,Susceptible,0.211864406779661
95,Infected,0.0
95,Recovered_Immune,0.7033898305084746
95,Death,0.0847457627118644
95,Asymptomatic,0.9152542372881356
95,Hospitalization,0.0
95,Severe,0.0
96,Susceptible,0.211864406779661
96,Infected,0.0
96,Recovered_Immune,0.7033898305084746
96,Death,0.0847457627118644
96,Asymptomatic,0.9152542372881356
96,Hospitalization,0.0
96,Severe,0.0
97,Susceptible,0.211864406779661
97,Infected,0.0
97,Recovered_Immune,0.7033898305084746
97,Death,0.0847457627118644
97,Asymptomatic,0.9152542372881356
97,Hospitalization,0.0
97,Severe,0.0
98,Susceptible,0.211864406779661
98,Infected,0.0
98,Recovered_Immune,0.7033898305084746
98,Death,0.0847457627118644
98,Asymptomatic,0.9152542372881356
98,Hospitalization,0.0
98,Severe,0.0
99,Susceptible,0.211864406779661
99,Infected,0.0
99,Recovered_Immune,0.7033898305084746
99,Death,0.0847457627118644
99,Asymptomatic,0.9152542372881356
99,Hospitalization,0.0
99,Severe,0.0
100,Susceptible,0.211864406779661
100,Infected,0.0
100,Recovered_Immune,0.7033898305084746
100,Death,0.0847457627118644
100,Asymptomatic,0.9152542372881356
100,Hospitalization,0.0
100,Severe,0.0
101,Susceptible,0.211864406779661
101,Infected,0.0
101,Recovered_Immune,0.7033898305084746
101,Death,0.0847457627118644
101,Asymptomatic,0.9152542372881356
101,Hospitalization,0.0
101,Severe,0.0
102,Susceptible,0.211864406779661
102,Infected,0.0
102,Recovered_Immune,0.7033898305084746
102,Death,0.0847457627118644
102,Asymptomatic,0.9152542372881356
102,Hospitalization,0.0
102,Severe,0.0
103,Susceptible,0.211864406779661
103,Infected,0.0
103,Recovered_Immune,0.7033898305084746
103,Death,0.0847457627118644
103,Asymptomatic,0.9152542372881356
103,Hospitalization,0.0
103,Severe,0.0
104,Susceptible,0.211864406779661
104,Infected,0.0
104,Recovered_Immune,0.7033898305084746
104,Death,0.0847457627118644
104,Asymptomatic,0.9152542372881356
104,Hospitalization,0.0
104,Severe,0.0
105,Susceptible,0.211864406779661
105,Infected,0.0
105,Recovered_Immune,0.7033898305084746
105,Death,0.0847457627118644
105,Asymptomatic,0.9152542372881356
105,Hospitalization,0.0
105,Severe,0.0
106,Susceptible,0.211864406779661
106,Infected,0.0
106,Recovered_Immune,0.7033898305084746
106,Death,0.0847457627118644
106,Asymptomatic,0.9152542372881356
106,Hospitalization,0.0
106,Severe,0.0
107,Susceptible,0.211864406779661
107,Infected,0.0
107,Recovered_Immune,0.7033898305084746
107,Death,0.0847457627118644
107,Asymptomatic,0.9152542372881356
107,Hospitalization,0.0
107,Severe,0.0
108,Susceptible,0.211864406779661
108,Infected,0.0
108,Recovered_Immune,0.7033898305084746
108,Death,0.0847457627118644
108,Asymptomatic,0.9152542372881356
108,Hospitalization,0.0
108,Severe,0.0
109,Susceptible,0.211864406779661
109,Infected,0.0
109,Recovered_Immune,0.7033898305084746
109,Death,0.0847457627118644
109,Asymptomatic,0.9152542372881356
109,Hospitalization,0.0
109,Severe,0.0
110,Susceptible,0.211864406779661
110,Infected,0.0
110,Recovered_Immune,0.7033898305084746
110,Death,0.0847457627118644
110,Asymptomatic,0.9152542372881356
110,Hospitalization,0.0
110,Severe,0.0
111,Susceptible,0.211864406779661
111,Infected,0.0
111,Recovered_Immune,0.7033898305084746
111,Death,0.0847457627118644
111,Asymptomatic,0.9152542372881356
111,Hospitalization,0.0
111,Severe,0.0
112,Susceptible,0.211864406779661
112,Infected,0.0
112,Recovered_Immune,0.7033898305084746
112,Death,0.0847457627118644
112,Asymptomatic,0.9152542372881356
112,Hospitalization,0.0
112,Severe,0.0
113,Susceptible,0.211864406779661
113,Infected,0.0
113,Recovered_Immune,0.7033898305084746
113,Death,0.0847457627118644
113,Asymptomatic,0.9152542372881356
113,Hospitalization,0.0
113,Severe,0.0
114,Susceptible,0.211864406779661
114,Infected,0.0
114,Recovered_Immune,0.7033898305084746
114,Death,0.0847457627118644
114,Asymptomatic,0.9152542372881356
114,Hospitalization,0.0
114,Severe,0.0
115,Susceptible,0.211864406779661
115,Infected,0.0
115,Recovered_Immune,0.7033898305084746
115,Death,0.0847457627118644
115,Asymptomatic,0.9152542372881356
115,Hospitalization,0.0
115,Severe,0.0
116,Susceptible,0.211864406779661
116,Infected,0.0
116,Recovered_Immune,0.7033898305084746
116,Death,0.0847457627118644
116,Asymptomatic,0.9152542372881356
116,Hospitalization,0.0
116,Severe,0.0
117,Susceptible,0.211864406779661
117,Infected,0.0
117,Recovered_Immune,0.7033898305084746
117,Death,0.0847457627118644
117,Asymptomatic,0.9152542372881356
117,Hospitalization,0.0
117,Severe,0.0
118,Susceptible,0.211864406779661
118,Infected,0.0
118,Recovered_Immune,0.7033898305084746
118,Death,0.0847457627118644
118,Asymptomatic,0.9152542372881356
118,Hospitalization,0.0
118,Severe,0.0
119,Susceptible,0.211864406779661
119,Infected,0.0
119,Recovered_Immune,0.7033898305084746
119,Death,0.0847457627118644
119,Asymptomatic,0.9152542372881356
119,Hospitalization,0.0
119,Severe,0.0
120,Susceptible,0.211864406779661
120,Infected,0.0
120,Recovered_Immune,0.7033898305084746
120,Death,0.0847457627118644
120,Asymptomatic,0.9152542372881356
120,Hospitalization,0.0
120,Severe,0.0
121,Susceptible,0.211864406779661
121,Infected,0.0
121,Recovered_Immune,0.7033898305084746
121,Death,0.0847457627118644
121,Asymptomatic,0.9152542372881356
121,Hospitalization,0.0
121,Severe,0.0
122,Susceptible,0.211864406779661
122,Infected,0.0
122,Recovered_Immune,0.7033898305084746
122,Death,0.0847457627118644
122,Asymptomatic,0.9152542372881356
122,Hospitalization,0.0
122,Severe,0.0
123,Susceptible,0.211864406779661
123,Infected,0.0
123,Recovered_Immune,0.7033898305084746
123,Death,0.0847457627118644
123,Asymptomatic,0.9152542372881356
123,Hospitalization,0.0
123,Severe,0.0
124,Susceptible,0.211864406779661
124,Infected,0.0
124,Recovered_Immune,0.7033898305084746
124,Death,0.0847457627118644
124,Asymptomatic,0.9152542372881356
124,Hospitalization,0.0
124,Severe,0.0
125,Susceptible,0.211864406779661
125,Infected,0.0
125,Recovered_Immune,0.7033898305084746
125,Death,0.0847457627118644
125,Asymptomatic,0.9152542372881356
125,Hospitalization,0.0
125,Severe,0.0
126,Susceptible,0.211864406779661
126,Infected,0.0
126,Recovered_Immune,0.7033898305084746
126,Death,0.0847457627118644
126,Asymptomatic,0.9152542372881356
126,Hospitalization,0.0
126,Severe,0.0
127,Susceptible,0.211864406779661
127,Infected,0.0
127,Recovered_Immune,0.7033898305084746
127,Death,0.0847457627118644
127,Asymptomatic,0.9152542372881356
127,Hospitalization,0.0
127,Severe,0.0
128,Susceptible,0.211864406779661
128,Infected,0.0
128,Recovered_Immune,0.7033898305084746
128,Death,0.0847457627118644
128,Asymptomatic,0.9152542372881356
128,Hospitalization,0.0
128,Severe,0.0
129,Susceptible,0.211864406779661
129,Infected,0.0
129,Recovered_Immune,0.7033898305084746
129,Death,0.0847457627118644
129,Asymptomatic,0.9152542372881356
129,Hospitalization,0.0
129,Severe,0.0
130,Susceptible,0.211864406779661
130,Infected,0.0
130,Recovered_Immune,0.7033898305084746
130,Death,0.0847457627118644
130,Asymptomatic,0.9152542372881356
130,Hospitalization,0.0
130,Severe,0.0
131,Susceptible,0.211864406779661
131,Infected,0.0
131,Recovered_Immune,0.7033898305084746
131,Death,0.0847457627118644
131,Asymptomatic,0.9152542372881356
131,Hospitalization,0.0
131,Severe,0.0
132,Susceptible,0.211864406779661
132,Infected,0.0
132,Recovered_Immune,0.7033898305084746
132,Death,0.0847457627118644
132,Asymptomatic,0.9152542372881356
132,Hospitalization,0.0
132,Severe,0.0
133,Susceptible,0.211864406779661
133,Infected,0.0
133,Recovered_Immune,0.7033898305084746
133,Death,0.0847457627118644
133,Asymptomatic,0.9152542372881356
133,Hospitalization,0.0
133,Severe,0.0
134,Susceptible,0.211864406779661
134,Infected,0.0
134,Recovered_Immune,0.7033898305084746
134,Death,0.0847457627118644
134,Asymptomatic,0.9152542372881356
134,Hospitalization,0.0
134,Severe,0.0
135,Susceptible,0.211864406779661
135,Infected,0.0
135,Recovered_Immune,0.7033898305084746
135,Death,0.0847457627118644
135,Asymptomatic,0.9152542372881356
135,Hospitalization,0.0
135,Severe,0.0
136,Susceptible,0.211864406779661
136,Infected,0.0
136,Recovered_Immune,0.7033898305084746
136,Death,0.0847457627118644
136,Asymptomatic,0.9152542372881356
136,Hospitalization,0.0
136,Severe,0.0
137,Susceptible,0.211864406779661
137,Infected,0.0
137,Recovered_Immune,0.7033898305084746
137,Death,0.0847457627118644
137,Asymptomatic,0.9152542372881356
137,Hospitalization,0.0
137,Severe,0.0
138,Susceptible,0.211864406779661
138,Infected,0.0
138,Recovered_Immune,0.7033898305084746
138,Death,0.0847457627118644
138,Asymptomatic,0.9152542372881356
138,Hospitalization,0.0
138,Severe,0.0
139,Susceptible,0.211864406779661
139,Infected,0.0
139,Recovered_Immune,0.7033898305084746
139,Death,0.0847457627118644
139,Asymptomatic,0.9152542372881356
139,Hospitalization,0.0
139,Severe,0.0
140,Susceptible,0.211864406779661
140,Infected,0.0
140,Recovered_Immune,0.7033898305084746
140,Death,0.0847457627118644
140,Asymptomatic,0.9152542372881356
140,Hospitalization,0.0
140,Severe,0.0
141,Susceptible,0.211864406779661
141,Infected,0.0
141,Recovered_Immune,0.7033898305084746
141,Death,0.0847457627118644
141,Asymptomatic,0.9152542372881356
141,Hospitalization,0.0
141,Severe,0.0
142,Susceptible,0.211864406779661
142,Infected,0.0
142,Recovered_Immune,0.7033898305084746
142,Death,0.0847457627118644
142,Asymptomatic,0.9152542372881356
142,Hospitalization,0.0
142,Severe,0.0
143,Susceptible,0.211864406779661
143,Infected,0.0
143,Recovered_Immune,0.7033898305084746
143,Death,0.0847457627118644
143,Asymptomatic,0.9152542372881356
143,Hospitalization,0.0
143,Severe,0.0
144,Susceptible,0.211864406779661
144,Infected,0.0
144,Recovered_Immune,0.7033898305084746
144,Death,0.0847457627118644
144,Asymptomatic,0.9152542372881356
144,Hospitalization,0.0
144,Severe,0.0
145,Susceptible,0.211864406779661
145,Infected,0.0
145,Recovered_Immune,0.7033898305084746
145,Death,0.0847457627118644
145,Asymptomatic,0.9152542372881356
145,Hospitalization,0.0
145,Severe,0.0
146,Susceptible,0.211864406779661
146,Infected,0.0
146,Recovered_Immune,0.7033898305084746
146,Death,0.0847457627118644
146,Asymptomatic,0.9152542372881356
146,Hospitalization,0.0
146,Severe,0.0
147,Susceptible,0.211864406779661
147,Infected,0.0
147,Recovered_Immune,0.7033898305084746
147,Death,0.0847457627118644
147,Asymptomatic,0.9152542372881356
147,Hospitalization,0.0
147,Severe,0.0
