Iteration,Metric,Avg
0,Susceptible,0.8135593220338984
0,Infected,0.1016949152542373
0,Recovered_Immune,0.0847457627118644
0,Death,0.0
0,Asymptomatic,1.0
0,Hospitalization,0.0
0,Severe,0.0
1,Susceptible,0.7542372881355932
1,Infected,0.16101694915254236
1,Recovered_Immune,0.0847457627118644
1,Death,0.0
1,Asymptomatic,1.0
1,Hospitalization,0.0
1,Severe,0.0
2,Susceptible,0.6610169491525424
2,Infected,0.2542372881355932
2,Recovered_Immune,0.0847457627118644
2,Death,0.0
2,Asymptomatic,0.9915254237288136
2,Hospitalization,0.00847457627118644
2,Severe,0.0
3,Susceptible,0.5254237288135594
3,Infected,0.3898305084745763
3,Recovered_Immune,0.0847457627118644
3,Death,0.0
3,Asymptomatic,0.9915254237288136
3,Hospitalization,0.00847457627118644
3,Severe,0.0
4,Susceptible,0.3644067796610169
4,Infected,0.5508474576271186
4,Recovered_Immune,0.0847457627118644
4,Death,0.0
4,Asymptomatic,0.9915254237288136
4,Hospitalization,0.00847457627118644
4,Severe,0.0
5,Susceptible,0.3305084745762712
5,Infected,0.5847457627118644
5,Recovered_Immune,0.0847457627118644
5,Death,0.0
5,Asymptomatic,0.9830508474576272
5,Hospitalization,0.01694915254237288
5,Severe,0.0
6,Susceptible,0.2966101694915254
6,Infected,0.6186440677966102
6,Recovered_Immune,0.0847457627118644
6,Death,0.0
6,Asymptomatic,0.9661016949152542
6,Hospitalization,0.03389830508474576
6,Severe,0.0
7,Susceptible,0.288135593220339
7,Infected,0.6271186440677966
7,Recovered_Immune,0.0847457627118644
7,Death,0.0
7,Asymptomatic,0.9491525423728814
7,Hospitalization,0.03389830508474576
7,Severe,0.01694915254237288
8,Susceptible,0.2542372881355932
8,Infected,0.6610169491525424
8,Recovered_Immune,0.0847457627118644
8,Death,0.0
8,Asymptomatic,0.9491525423728814
8,Hospitalization,0.03389830508474576
8,Severe,0.01694915254237288
9,Susceptible,0.23728813559322035
9,Infected,0.6694915254237288
9,Recovered_Immune,0.0847457627118644
9,Death,0.00847457627118644
9,Asymptomatic,0.940677966101695
9,Hospitalization,0.03389830508474576
9,Severe,0.01694915254237288
10,Susceptible,0.2288135593220339
10,Infected,0.6694915254237288
10,Recovered_Immune,0.0847457627118644
10,Death,0.01694915254237288
10,Asymptomatic,0.923728813559322
10,Hospitalization,0.0423728813559322
10,Severe,0.01694915254237288
11,Susceptible,0.2033898305084746
11,Infected,0.6864406779661016
11,Recovered_Immune,0.0847457627118644
11,Death,0.025423728813559324
11,Asymptomatic,0.923728813559322
11,Hospitalization,0.03389830508474576
11,Severe,0.01694915254237288
12,Susceptible,0.1864406779661017
12,Infected,0.7033898305084746
12,Recovered_Immune,0.0847457627118644
12,Death,0.025423728813559324
12,Asymptomatic,0.9067796610169492
12,Hospitalization,0.05084745762711865
12,Severe,0.01694915254237288
13,Susceptible,0.16101694915254236
13,Infected,0.7288135593220338
13,Recovered_Immune,0.0847457627118644
13,Death,0.025423728813559324
13,Asymptomatic,0.9067796610169492
13,Hospitalization,0.05084745762711865
13,Severe,0.01694915254237288
14,Susceptible,0.15254237288135594
14,Infected,0.7372881355932204
14,Recovered_Immune,0.0847457627118644
14,Death,0.025423728813559324
14,Asymptomatic,0.8898305084745762
14,Hospitalization,0.06779661016949153
14,Severe,0.01694915254237288
15,Susceptible,0.1440677966101695
15,Infected,0.7457627118644068
15,Recovered_Immune,0.0847457627118644
15,Death,0.025423728813559324
15,Asymptomatic,0.8813559322033898
15,Hospitalization,0.07627118644067797
15,Severe,0.01694915254237288
16,Susceptible,0.1440677966101695
16,Infected,0.7457627118644068
16,Recovered_Immune,0.0847457627118644
16,Death,0.025423728813559324
16,Asymptomatic,0.8813559322033898
16,Hospitalization,0.07627118644067797
16,Severe,0.01694915254237288
17,Susceptible,0.1271186440677966
17,Infected,0.7627118644067796
17,Recovered_Immune,0.0847457627118644
17,Death,0.025423728813559324
17,Asymptomatic,0.8813559322033898
17,Hospitalization,0.07627118644067797
17,Severe,0.01694915254237288
18,Susceptible,0.11864406779661017
18,Infected,0.7711864406779662
18,Recovered_Immune,0.0847457627118644
18,Death,0.025423728813559324
18,Asymptomatic,0.8813559322033898
18,Hospitalization,0.07627118644067797
18,Severe,0.01694915254237288
19,Susceptible,0.11016949152542373
19,Infected,0.7627118644067796
19,Recovered_Immune,0.0847457627118644
19,Death,0.0423728813559322
19,Asymptomatic,0.8728813559322034
19,Hospitalization,0.06779661016949153
19,Severe,0.01694915254237288
20,Susceptible,0.11016949152542373
20,Infected,0.7033898305084746
20,Recovered_Immune,0.1440677966101695
20,Death,0.0423728813559322
20,Asymptomatic,0.8813559322033898
20,Hospitalization,0.059322033898305086
20,Severe,0.01694915254237288
21,Susceptible,0.09322033898305085
21,Infected,0.6779661016949152
21,Recovered_Immune,0.1864406779661017
21,Death,0.0423728813559322
21,Asymptomatic,0.8813559322033898
21,Hospitalization,0.059322033898305086
21,Severe,0.01694915254237288
22,Susceptible,0.06779661016949153
22,Infected,0.652542372881356
22,Recovered_Immune,0.23728813559322035
22,Death,0.0423728813559322
22,Asymptomatic,0.8813559322033898
22,Hospitalization,0.06779661016949153
22,Severe,0.00847457627118644
23,Susceptible,0.059322033898305086
23,Infected,0.5847457627118644
23,Recovered_Immune,0.3135593220338983
23,Death,0.0423728813559322
23,Asymptomatic,0.8898305084745762
23,Hospitalization,0.059322033898305086
23,Severe,0.00847457627118644
24,Susceptible,0.059322033898305086
24,Infected,0.4491525423728814
24,Recovered_Immune,0.4491525423728814
24,Death,0.0423728813559322
24,Asymptomatic,0.8983050847457628
24,Hospitalization,0.05084745762711865
24,Severe,0.00847457627118644
25,Susceptible,0.05084745762711865
25,Infected,0.3135593220338983
25,Recovered_Immune,0.5932203389830508
25,Death,0.0423728813559322
25,Asymptomatic,0.923728813559322
25,Hospitalization,0.03389830508474576
25,Severe,0.0
26,Susceptible,0.05084745762711865
26,Infected,0.2796610169491525
26,Recovered_Immune,0.6271186440677966
26,Death,0.0423728813559322
26,Asymptomatic,0.9322033898305084
26,Hospitalization,0.025423728813559324
26,Severe,0.0
27,Susceptible,0.05084745762711865
27,Infected,0.2457627118644068
27,Recovered_Immune,0.6610169491525424
27,Death,0.0423728813559322
27,Asymptomatic,0.940677966101695
27,Hospitalization,0.01694915254237288
27,Severe,0.0
28,Susceptible,0.05084745762711865
28,Infected,0.23728813559322035
28,Recovered_Immune,0.6694915254237288
28,Death,0.0423728813559322
28,Asymptomatic,0.940677966101695
28,Hospitalization,0.01694915254237288
28,Severe,0.0
29,Susceptible,0.05084745762711865
29,Infected,0.2033898305084746
29,Recovered_Immune,0.7033898305084746
29,Death,0.0423728813559322
29,Asymptomatic,0.940677966101695
29,Hospitalization,0.01694915254237288
29,Severe,0.0
30,Susceptible,0.05084745762711865
30,Infected,0.1864406779661017
30,Recovered_Immune,0.7203389830508474
30,Death,0.0423728813559322
30,Asymptomatic,0.940677966101695
30,Hospitalization,0.01694915254237288
30,Severe,0.0
31,Susceptible,0.05084745762711865
31,Infected,0.17796610169491525
31,Recovered_Immune,0.7288135593220338
31,Death,0.0423728813559322
31,Asymptomatic,0.940677966101695
31,Hospitalization,0.00847457627118644
31,Severe,0.00847457627118644
32,Susceptible,0.05084745762711865
32,Infected,0.15254237288135594
32,Recovered_Immune,0.7542372881355932
32,Death,0.0423728813559322
32,Asymptomatic,0.9491525423728814
32,Hospitalization,0.0
32,Severe,0.00847457627118644
33,Susceptible,0.05084745762711865
33,Infected,0.13559322033898305
33,Recovered_Immune,0.7711864406779662
33,Death,0.0423728813559322
33,Asymptomatic,0.9491525423728814
33,Hospitalization,0.0
33,Severe,0.00847457627118644
34,Susceptible,0.05084745762711865
34,Infected,0.11016949152542373
34,Recovered_Immune,0.7966101694915254
34,Death,0.0423728813559322
34,Asymptomatic,0.9491525423728814
34,Hospitalization,0.0
34,Severe,0.00847457627118644
35,Susceptible,0.05084745762711865
35,Infected,0.1016949152542373
35,Recovered_Immune,0.8050847457627118
35,Death,0.0423728813559322
35,Asymptomatic,0.9491525423728814
35,Hospitalization,0.0
35,Severe,0.00847457627118644
36,Susceptible,0.05084745762711865
36,Infected,0.09322033898305085
36,Recovered_Immune,0.8135593220338984
36,Death,0.0423728813559322
36,Asymptomatic,0.9491525423728814
36,Hospitalization,0.0
36,Severe,0.00847457627118644
37,Susceptible,0.05084745762711865
37,Infected,0.09322033898305085
37,Recovered_Immune,0.8135593220338984
37,Death,0.0423728813559322
37,Asymptomatic,0.9491525423728814
37,Hospitalization,0.0
37,Severe,0.00847457627118644
38,Susceptible,0.05084745762711865
38,Infected,0.07627118644067797
38,Recovered_Immune,0.8305084745762712
38,Death,0.0423728813559322
38,Asymptomatic,0.9491525423728814
38,Hospitalization,0.0
38,Severe,0.00847457627118644
39,Susceptible,0.05084745762711865
39,Infected,0.06779661016949153
39,Recovered_Immune,0.8389830508474576
39,Death,0.0423728813559322
39,Asymptomatic,0.9491525423728814
39,Hospitalization,0.0
39,Severe,0.00847457627118644
40,Susceptible,0.05084745762711865
40,Infected,0.059322033898305086
40,Recovered_Immune,0.847457627118644
40,Death,0.0423728813559322
40,Asymptomatic,0.9491525423728814
40,Hospitalization,0.0
40,Severe,0.00847457627118644
41,Susceptible,0.05084745762711865
41,Infected,0.059322033898305086
41,Recovered_Immune,0.847457627118644
41,Death,0.0423728813559322
41,Asymptomatic,0.9491525423728814
41,Hospitalization,0.0
41,Severe,0.00847457627118644
42,Susceptible,0.05084745762711865
42,Infected,0.0423728813559322
42,Recovered_Immune,0.864406779661017
42,Death,0.0423728813559322
42,Asymptomatic,0.9491525423728814
42,Hospitalization,0.0
42,Severe,0.00847457627118644
43,Susceptible,0.05084745762711865
43,Infected,0.01694915254237288
43,Recovered_Immune,0.8898305084745762
43,Death,0.0423728813559322
43,Asymptomatic,0.9576271186440678
43,Hospitalization,0.0
43,Severe,0.0
44,Susceptible,0.05084745762711865
44,Infected,0.00847457627118644
44,Recovered_Immune,0.8983050847457628
44,Death,0.0423728813559322
44,Asymptomatic,0.9576271186440678
44,Hospitalization,0.0
44,Severe,0.0
45,Susceptible,0.05084745762711865
45,Infected,0.00847457627118644
45,Recovered_Immune,0.8983050847457628
45,Death,0.0423728813559322
45,Asymptomatic,0.9576271186440678
45,Hospitalization,0.0
45,Severe,0.0
46,Susceptible,0.05084745762711865
46,Infected,0.0
46,Recovered_Immune,0.9067796610169492
46,Death,0.0423728813559322
46,Asymptomatic,0.9576271186440678
46,Hospitalization,0.0
46,Severe,0.0
47,Susceptible,0.05084745762711865
47,Infected,0.0
47,Recovered_Immune,0.9067796610169492
47,Death,0.0423728813559322
47,Asymptomatic,0.9576271186440678
47,Hospitalization,0.0
47,Severe,0.0
48,Susceptible,0.05084745762711865
48,Infected,0.0
48,Recovered_Immune,0.9067796610169492
48,Death,0.0423728813559322
48,Asymptomatic,0.9576271186440678
48,Hospitalization,0.0
48,Severe,0.0
49,Susceptible,0.05084745762711865
49,Infected,0.0
49,Recovered_Immune,0.9067796610169492
49,Death,0.0423728813559322
49,Asymptomatic,0.9576271186440678
49,Hospitalization,0.0
49,Severe,0.0
50,Susceptible,0.05084745762711865
50,Infected,0.0
50,Recovered_Immune,0.9067796610169492
50,Death,0.0423728813559322
50,Asymptomatic,0.9576271186440678
50,Hospitalization,0.0
50,Severe,0.0
51,Susceptible,0.05084745762711865
51,Infected,0.0
51,Recovered_Immune,0.9067796610169492
51,Death,0.0423728813559322
51,Asymptomatic,0.9576271186440678
51,Hospitalization,0.0
51,Severe,0.0
52,Susceptible,0.05084745762711865
52,Infected,0.0
52,Recovered_Immune,0.9067796610169492
52,Death,0.0423728813559322
52,Asymptomatic,0.9576271186440678
52,Hospitalization,0.0
52,Severe,0.0
53,Susceptible,0.05084745762711865
53,Infected,0.0
53,Recovered_Immune,0.9067796610169492
53,Death,0.0423728813559322
53,Asymptomatic,0.9576271186440678
53,Hospitalization,0.0
53,Severe,0.0
54,Susceptible,0.05084745762711865
54,Infected,0.0
54,Recovered_Immune,0.9067796610169492
54,Death,0.0423728813559322
54,Asymptomatic,0.9576271186440678
54,Hospitalization,0.0
54,Severe,0.0
55,Susceptible,0.05084745762711865
55,Infected,0.0
55,Recovered_Immune,0.9067796610169492
55,Death,0.0423728813559322
55,Asymptomatic,0.9576271186440678
55,Hospitalization,0.0
55,Severe,0.0
56,Susceptible,0.05084745762711865
56,Infected,0.0
56,Recovered_Immune,0.9067796610169492
56,Death,0.0423728813559322
56,Asymptomatic,0.9576271186440678
56,Hospitalization,0.0
56,Severe,0.0
57,Susceptible,0.05084745762711865
57,Infected,0.0
57,Recovered_Immune,0.9067796610169492
57,Death,0.0423728813559322
57,Asymptomatic,0.9576271186440678
57,Hospitalization,0.0
57,Severe,0.0
58,Susceptible,0.05084745762711865
58,Infected,0.0
58,Recovered_Immune,0.9067796610169492
58,Death,0.0423728813559322
58,Asymptomatic,0.9576271186440678
58,Hospitalization,0.0
58,Severe,0.0
59,Susceptible,0.05084745762711865
59,Infected,0.0
59,Recovered_Immune,0.9067796610169492
59,Death,0.0423728813559322
59,Asymptomatic,0.9576271186440678
59,Hospitalization,0.0
59,Severe,0.0
60,Susceptible,0.05084745762711865
60,Infected,0.0
60,Recovered_Immune,0.9067796610169492
60,Death,0.0423728813559322
60,Asymptomatic,0.9576271186440678
60,Hospitalization,0.0
60,Severe,0.0
61,Susceptible,0.05084745762711865
61,Infected,0.0
61,Recovered_Immune,0.9067796610169492
61,Death,0.0423728813559322
61,Asymptomatic,0.9576271186440678
61,Hospitalization,0.0
61,Severe,0.0
62,Susceptible,0.05084745762711865
62,Infected,0.0
62,Recovered_Immune,0.9067796610169492
62,Death,0.0423728813559322
62,Asymptomatic,0.9576271186440678
62,Hospitalization,0.0
62,Severe,0.0
63,Susceptible,0.05084745762711865
63,Infected,0.0
63,Recovered_Immune,0.9067796610169492
63,Death,0.0423728813559322
63,Asymptomatic,0.9576271186440678
63,Hospitalization,0.0
63,Severe,0.0
64,Susceptible,0.05084745762711865
64,Infected,0.0
64,Recovered_Immune,0.9067796610169492
64,Death,0.0423728813559322
64,Asymptomatic,0.9576271186440678
64,Hospitalization,0.0
64,Severe,0.0
65,Susceptible,0.05084745762711865
65,Infected,0.0
65,Recovered_Immune,0.9067796610169492
65,Death,0.0423728813559322
65,Asymptomatic,0.9576271186440678
65,Hospitalization,0.0
65,Severe,0.0
66,Susceptible,0.05084745762711865
66,Infected,0.0
66,Recovered_Immune,0.9067796610169492
66,Death,0.0423728813559322
66,Asymptomatic,0.9576271186440678
66,Hospitalization,0.0
66,Severe,0.0
67,Susceptible,0.05084745762711865
67,Infected,0.0
67,Recovered_Immune,0.9067796610169492
67,Death,0.0423728813559322
67,Asymptomatic,0.9576271186440678
67,Hospitalization,0.0
67,Severe,0.0
68,Susceptible,0.05084745762711865
68,Infected,0.0
68,Recovered_Immune,0.9067796610169492
68,Death,0.0423728813559322
68,Asymptomatic,0.9576271186440678
68,Hospitalization,0.0
68,Severe,0.0
69,Susceptible,0.05084745762711865
69,Infected,0.0
69,Recovered_Immune,0.9067796610169492
69,Death,0.0423728813559322
69,Asymptomatic,0.9576271186440678
69,Hospitalization,0.0
69,Severe,0.0
70,Susceptible,0.05084745762711865
70,Infected,0.0
70,Recovered_Immune,0.9067796610169492
70,Death,0.0423728813559322
70,Asymptomatic,0.9576271186440678
70,Hospitalization,0.0
70,Severe,0.0
71,Susceptible,0.05084745762711865
71,Infected,0.0
71,Recovered_Immune,0.9067796610169492
71,Death,0.0423728813559322
71,Asymptomatic,0.9576271186440678
71,Hospitalization,0.0
71,Severe,0.0
72,Susceptible,0.05084745762711865
72,Infected,0.0
72,Recovered_Immune,0.9067796610169492
72,Death,0.0423728813559322
72,Asymptomatic,0.9576271186440678
72,Hospitalization,0.0
72,Severe,0.0
73,Susceptible,0.05084745762711865
73,Infected,0.0
73,Recovered_Immune,0.9067796610169492
73,Death,0.0423728813559322
73,Asymptomatic,0.9576271186440678
73,Hospitalization,0.0
73,Severe,0.0
74,Susceptible,0.05084745762711865
74,Infected,0.0
74,Recovered_Immune,0.9067796610169492
74,Death,0.0423728813559322
74,Asymptomatic,0.9576271186440678
74,Hospitalization,0.0
74,Severe,0.0
75,Susceptible,0.05084745762711865
75,Infected,0.0
75,Recovered_Immune,0.9067796610169492
75,Death,0.0423728813559322
75,Asymptomatic,0.9576271186440678
75,Hospitalization,0.0
75,Severe,0.0
76,Susceptible,0.05084745762711865
76,Infected,0.0
76,Recovered_Immune,0.9067796610169492
76,Death,0.0423728813559322
76,Asymptomatic,0.9576271186440678
76,Hospitalization,0.0
76,Severe,0.0
77,Susceptible,0.05084745762711865
77,Infected,0.0
77,Recovered_Immune,0.9067796610169492
77,Death,0.0423728813559322
77,Asymptomatic,0.9576271186440678
77,Hospitalization,0.0
77,Severe,0.0
78,Susceptible,0.05084745762711865
78,Infected,0.0
78,Recovered_Immune,0.9067796610169492
78,Death,0.0423728813559322
78,Asymptomatic,0.9576271186440678
78,Hospitalization,0.0
78,Severe,0.0
79,Susceptible,0.05084745762711865
79,Infected,0.0
79,Recovered_Immune,0.9067796610169492
79,Death,0.0423728813559322
79,Asymptomatic,0.9576271186440678
79,Hospitalization,0.0
79,Severe,0.0
80,Susceptible,0.05084745762711865
80,Infected,0.0
80,Recovered_Immune,0.9067796610169492
80,Death,0.0423728813559322
80,Asymptomatic,0.9576271186440678
80,Hospitalization,0.0
80,Severe,0.0
81,Susceptible,0.05084745762711865
81,Infected,0.0
81,Recovered_Immune,0.9067796610169492
81,Death,0.0423728813559322
81,Asymptomatic,0.9576271186440678
81,Hospitalization,0.0
81,Severe,0.0
82,Susceptible,0.05084745762711865
82,Infected,0.0
82,Recovered_Immune,0.9067796610169492
82,Death,0.0423728813559322
82,Asymptomatic,0.9576271186440678
82,Hospitalization,0.0
82,Severe,0.0
83,Susceptible,0.05084745762711865
83,Infected,0.0
83,Recovered_Immune,0.9067796610169492
83,Death,0.0423728813559322
83,Asymptomatic,0.9576271186440678
83,Hospitalization,0.0
83,Severe,0.0
84,Susceptible,0.05084745762711865
84,Infected,0.0
84,Recovered_Immune,0.9067796610169492
84,Death,0.0423728813559322
84,Asymptomatic,0.9576271186440678
84,Hospitalization,0.0
84,Severe,0.0
85,Susceptible,0.05084745762711865
85,Infected,0.0
85,Recovered_Immune,0.9067796610169492
85,Death,0.0423728813559322
85,Asymptomatic,0.9576271186440678
85,Hospitalization,0.0
85,Severe,0.0
86,Susceptible,0.05084745762711865
86,Infected,0.0
86,Recovered_Immune,0.9067796610169492
86,Death,0.0423728813559322
86,Asymptomatic,0.9576271186440678
86,Hospitalization,0.0
86,Severe,0.0
87,Susceptible,0.05084745762711865
87,Infected,0.0
87,Recovered_Immune,0.9067796610169492
87,Death,0.0423728813559322
87,Asymptomatic,0.9576271186440678
87,Hospitalization,0.0
87,Severe,0.0
88,Susceptible,0.05084745762711865
88,Infected,0.0
88,Recovered_Immune,0.9067796610169492
88,Death,0.0423728813559322
88,Asymptomatic,0.9576271186440678
88,Hospitalization,0.0
88,Severe,0.0
89,Susceptible,0.05084745762711865
89,Infected,0.0
89,Recovered_Immune,0.9067796610169492
89,Death,0.0423728813559322
89,Asymptomatic,0.9576271186440678
89,Hospitalization,0.0
89,Severe,0.0
90,Susceptible,0.05084745762711865
90,Infected,0.0
90,Recovered_Immune,0.9067796610169492
90,Death,0.0423728813559322
90,Asymptomatic,0.9576271186440678
90,Hospitalization,0.0
90,Severe,0.0
91,Susceptible,0.05084745762711865
91,Infected,0.0
91,Recovered_Immune,0.9067796610169492
91,Death,0.0423728813559322
91,Asymptomatic,0.9576271186440678
91,Hospitalization,0.0
91,Severe,0.0
92,Susceptible,0.05084745762711865
92,Infected,0.0
92,Recovered_Immune,0.9067796610169492
92,Death,0.0423728813559322
92,Asymptomatic,0.9576271186440678
92,Hospitalization,0.0
92,Severe,0.0
93,Susceptible,0.05084745762711865
93,Infected,0.0
93,Recovered_Immune,0.9067796610169492
93,Death,0.0423728813559322
93,Asymptomatic,0.9576271186440678
93,Hospitalization,0.0
93,Severe,0.0
94,Susceptible,0.05084745762711865
94,Infected,0.0
94,Recovered_Immune,0.9067796610169492
94,Death,0.0423728813559322
94,Asymptomatic,0.9576271186440678
94,Hospitalization,0.0
94,Severe,0.0
95,Susceptible,0.05084745762711865
95,Infected,0.0
95,Recovered_Immune,0.9067796610169492
95,Death,0.0423728813559322
95,Asymptomatic,0.9576271186440678
95,Hospitalization,0.0
95,Severe,0.0
96,Susceptible,0.05084745762711865
96,Infected,0.0
96,Recovered_Immune,0.9067796610169492
96,Death,0.0423728813559322
96,Asymptomatic,0.9576271186440678
96,Hospitalization,0.0
96,Severe,0.0
97,Susceptible,0.05084745762711865
97,Infected,0.0
97,Recovered_Immune,0.9067796610169492
97,Death,0.0423728813559322
97,Asymptomatic,0.9576271186440678
97,Hospitalization,0.0
97,Severe,0.0
98,Susceptible,0.05084745762711865
98,Infected,0.0
98,Recovered_Immune,0.9067796610169492
98,Death,0.0423728813559322
98,Asymptomatic,0.9576271186440678
98,Hospitalization,0.0
98,Severe,0.0
99,Susceptible,0.05084745762711865
99,Infected,0.0
99,Recovered_Immune,0.9067796610169492
99,Death,0.0423728813559322
99,Asymptomatic,0.9576271186440678
99,Hospitalization,0.0
99,Severe,0.0
100,Susceptible,0.05084745762711865
100,Infected,0.0
100,Recovered_Immune,0.9067796610169492
100,Death,0.0423728813559322
100,Asymptomatic,0.9576271186440678
100,Hospitalization,0.0
100,Severe,0.0
101,Susceptible,0.05084745762711865
101,Infected,0.0
101,Recovered_Immune,0.9067796610169492
101,Death,0.0423728813559322
101,Asymptomatic,0.9576271186440678
101,Hospitalization,0.0
101,Severe,0.0
102,Susceptible,0.05084745762711865
102,Infected,0.0
102,Recovered_Immune,0.9067796610169492
102,Death,0.0423728813559322
102,Asymptomatic,0.9576271186440678
102,Hospitalization,0.0
102,Severe,0.0
103,Susceptible,0.05084745762711865
103,Infected,0.0
103,Recovered_Immune,0.9067796610169492
103,Death,0.0423728813559322
103,Asymptomatic,0.9576271186440678
103,Hospitalization,0.0
103,Severe,0.0
104,Susceptible,0.05084745762711865
104,Infected,0.0
104,Recovered_Immune,0.9067796610169492
104,Death,0.0423728813559322
104,Asymptomatic,0.9576271186440678
104,Hospitalization,0.0
104,Severe,0.0
105,Susceptible,0.05084745762711865
105,Infected,0.0
105,Recovered_Immune,0.9067796610169492
105,Death,0.0423728813559322
105,Asymptomatic,0.9576271186440678
105,Hospitalization,0.0
105,Severe,0.0
106,Susceptible,0.05084745762711865
106,Infected,0.0
106,Recovered_Immune,0.9067796610169492
106,Death,0.0423728813559322
106,Asymptomatic,0.9576271186440678
106,Hospitalization,0.0
106,Severe,0.0
107,Susceptible,0.05084745762711865
107,Infected,0.0
107,Recovered_Immune,0.9067796610169492
107,Death,0.0423728813559322
107,Asymptomatic,0.9576271186440678
107,Hospitalization,0.0
107,Severe,0.0
108,Susceptible,0.05084745762711865
108,Infected,0.0
108,Recovered_Immune,0.9067796610169492
108,Death,0.0423728813559322
108,Asymptomatic,0.9576271186440678
108,Hospitalization,0.0
108,Severe,0.0
109,Susceptible,0.05084745762711865
109,Infected,0.0
109,Recovered_Immune,0.9067796610169492
109,Death,0.0423728813559322
109,Asymptomatic,0.9576271186440678
109,Hospitalization,0.0
109,Severe,0.0
110,Susceptible,0.05084745762711865
110,Infected,0.0
110,Recovered_Immune,0.9067796610169492
110,Death,0.0423728813559322
110,Asymptomatic,0.9576271186440678
110,Hospitalization,0.0
110,Severe,0.0
111,Susceptible,0.05084745762711865
111,Infected,0.0
111,Recovered_Immune,0.9067796610169492
111,Death,0.0423728813559322
111,Asymptomatic,0.9576271186440678
111,Hospitalization,0.0
111,Severe,0.0
112,Susceptible,0.05084745762711865
112,Infected,0.0
112,Recovered_Immune,0.9067796610169492
112,Death,0.0423728813559322
112,Asymptomatic,0.9576271186440678
112,Hospitalization,0.0
112,Severe,0.0
113,Susceptible,0.05084745762711865
113,Infected,0.0
113,Recovered_Immune,0.9067796610169492
113,Death,0.0423728813559322
113,Asymptomatic,0.9576271186440678
113,Hospitalization,0.0
113,Severe,0.0
114,Susceptible,0.05084745762711865
114,Infected,0.0
114,Recovered_Immune,0.9067796610169492
114,Death,0.0423728813559322
114,Asymptomatic,0.9576271186440678
114,Hospitalization,0.0
114,Severe,0.0
115,Susceptible,0.05084745762711865
115,Infected,0.0
115,Recovered_Immune,0.9067796610169492
115,Death,0.0423728813559322
115,Asymptomatic,0.9576271186440678
115,Hospitalization,0.0
115,Severe,0.0
116,Susceptible,0.05084745762711865
116,Infected,0.0
116,Recovered_Immune,0.9067796610169492
116,Death,0.0423728813559322
116,Asymptomatic,0.9576271186440678
116,Hospitalization,0.0
116,Severe,0.0
117,Susceptible,0.05084745762711865
117,Infected,0.0
117,Recovered_Immune,0.9067796610169492
117,Death,0.0423728813559322
117,Asymptomatic,0.9576271186440678
117,Hospitalization,0.0
117,Severe,0.0
118,Susceptible,0.05084745762711865
118,Infected,0.0
118,Recovered_Immune,0.9067796610169492
118,Death,0.0423728813559322
118,Asymptomatic,0.9576271186440678
118,Hospitalization,0.0
118,Severe,0.0
119,Susceptible,0.05084745762711865
119,Infected,0.0
119,Recovered_Immune,0.9067796610169492
119,Death,0.0423728813559322
119,Asymptomatic,0.9576271186440678
119,Hospitalization,0.0
119,Severe,0.0
120,Susceptible,0.05084745762711865
120,Infected,0.0
120,Recovered_Immune,0.9067796610169492
120,Death,0.0423728813559322
120,Asymptomatic,0.9576271186440678
120,Hospitalization,0.0
120,Severe,0.0
121,Susceptible,0.05084745762711865
121,Infected,0.0
121,Recovered_Immune,0.9067796610169492
121,Death,0.0423728813559322
121,Asymptomatic,0.9576271186440678
121,Hospitalization,0.0
121,Severe,0.0
122,Susceptible,0.05084745762711865
122,Infected,0.0
122,Recovered_Immune,0.9067796610169492
122,Death,0.0423728813559322
122,Asymptomatic,0.9576271186440678
122,Hospitalization,0.0
122,Severe,0.0
123,Susceptible,0.05084745762711865
123,Infected,0.0
123,Recovered_Immune,0.9067796610169492
123,Death,0.0423728813559322
123,Asymptomatic,0.9576271186440678
123,Hospitalization,0.0
123,Severe,0.0
124,Susceptible,0.05084745762711865
124,Infected,0.0
124,Recovered_Immune,0.9067796610169492
124,Death,0.0423728813559322
124,Asymptomatic,0.9576271186440678
124,Hospitalization,0.0
124,Severe,0.0
125,Susceptible,0.05084745762711865
125,Infected,0.0
125,Recovered_Immune,0.9067796610169492
125,Death,0.0423728813559322
125,Asymptomatic,0.9576271186440678
125,Hospitalization,0.0
125,Severe,0.0
126,Susceptible,0.05084745762711865
126,Infected,0.0
126,Recovered_Immune,0.9067796610169492
126,Death,0.0423728813559322
126,Asymptomatic,0.9576271186440678
126,Hospitalization,0.0
126,Severe,0.0
127,Susceptible,0.05084745762711865
127,Infected,0.0
127,Recovered_Immune,0.9067796610169492
127,Death,0.0423728813559322
127,Asymptomatic,0.9576271186440678
127,Hospitalization,0.0
127,Severe,0.0
128,Susceptible,0.05084745762711865
128,Infected,0.0
128,Recovered_Immune,0.9067796610169492
128,Death,0.0423728813559322
128,Asymptomatic,0.9576271186440678
128,Hospitalization,0.0
128,Severe,0.0
129,Susceptible,0.05084745762711865
129,Infected,0.0
129,Recovered_Immune,0.9067796610169492
129,Death,0.0423728813559322
129,Asymptomatic,0.9576271186440678
129,Hospitalization,0.0
129,Severe,0.0
130,Susceptible,0.05084745762711865
130,Infected,0.0
130,Recovered_Immune,0.9067796610169492
130,Death,0.0423728813559322
130,Asymptomatic,0.9576271186440678
130,Hospitalization,0.0
130,Severe,0.0
131,Susceptible,0.05084745762711865
131,Infected,0.0
131,Recovered_Immune,0.9067796610169492
131,Death,0.0423728813559322
131,Asymptomatic,0.9576271186440678
131,Hospitalization,0.0
131,Severe,0.0
