Iteration,Metric,Avg
0,Susceptible,0.8135593220338984
0,Infected,0.11864406779661017
0,Recovered_Immune,0.06779661016949153
0,Death,0.0
0,Asymptomatic,1.0
0,Hospitalization,0.0
0,Severe,0.0
1,Susceptible,0.7203389830508474
1,Infected,0.211864406779661
1,Recovered_Immune,0.06779661016949153
1,Death,0.0
1,Asymptomatic,1.0
1,Hospitalization,0.0
1,Severe,0.0
2,Susceptible,0.6016949152542372
2,Infected,0.3305084745762712
2,Recovered_Immune,0.06779661016949153
2,Death,0.0
2,Asymptomatic,1.0
2,Hospitalization,0.0
2,Severe,0.0
3,Susceptible,0.5254237288135594
3,Infected,0.4067796610169492
3,Recovered_Immune,0.06779661016949153
3,Death,0.0
3,Asymptomatic,1.0
3,Hospitalization,0.0
3,Severe,0.0
4,Susceptible,0.5084745762711864
4,Infected,0.423728813559322
4,Recovered_Immune,0.06779661016949153
4,Death,0.0
4,Asymptomatic,0.9915254237288136
4,Hospitalization,0.00847457627118644
4,Severe,0.0
5,Susceptible,0.4830508474576271
5,Infected,0.4491525423728814
5,Recovered_Immune,0.06779661016949153
5,Death,0.0
5,Asymptomatic,0.9745762711864406
5,Hospitalization,0.025423728813559324
5,Severe,0.0
6,Susceptible,0.4491525423728814
6,Infected,0.4830508474576271
6,Recovered_Immune,0.06779661016949153
6,Death,0.0
6,Asymptomatic,0.9745762711864406
6,Hospitalization,0.025423728813559324
6,Severe,0.0
7,Susceptible,0.3813559322033898
7,Infected,0.5423728813559322
7,Recovered_Immune,0.06779661016949153
7,Death,0.00847457627118644
7,Asymptomatic,0.9661016949152542
7,Hospitalization,0.025423728813559324
7,Severe,0.0
8,Susceptible,0.3813559322033898
8,Infected,0.5423728813559322
8,Recovered_Immune,0.06779661016949153
8,Death,0.00847457627118644
8,Asymptomatic,0.9576271186440678
8,Hospitalization,0.03389830508474576
8,Severe,0.0
9,Susceptible,0.3389830508474576
9,Infected,0.5847457627118644
9,Recovered_Immune,0.06779661016949153
9,Death,0.00847457627118644
9,Asymptomatic,0.940677966101695
9,Hospitalization,0.05084745762711865
9,Severe,0.0
10,Susceptible,0.3220338983050847
10,Infected,0.6016949152542372
10,Recovered_Immune,0.06779661016949153
10,Death,0.00847457627118644
10,Asymptomatic,0.9322033898305084
10,Hospitalization,0.059322033898305086
10,Severe,0.0
11,Susceptible,0.3135593220338983
11,Infected,0.6016949152542372
11,Recovered_Immune,0.06779661016949153
11,Death,0.01694915254237288
11,Asymptomatic,0.9322033898305084
11,Hospitalization,0.05084745762711865
11,Severe,0.0
12,Susceptible,0.2796610169491525
12,Infected,0.635593220338983
12,Recovered_Immune,0.06779661016949153
12,Death,0.01694915254237288
12,Asymptomatic,0.9322033898305084
12,Hospitalization,0.05084745762711865
12,Severe,0.0
13,Susceptible,0.2711864406779661
13,Infected,0.6271186440677966
13,Recovered_Immune,0.06779661016949153
13,Death,0.03389830508474576
13,Asymptomatic,0.9067796610169492
13,Hospitalization,0.059322033898305086
13,Severe,0.0
14,Susceptible,0.2627118644067797
14,Infected,0.6271186440677966
14,Recovered_Immune,0.06779661016949153
14,Death,0.0423728813559322
14,Asymptomatic,0.8898305084745762
14,Hospitalization,0.06779661016949153
14,Severe,0.0
15,Susceptible,0.2457627118644068
15,Infected,0.635593220338983
15,Recovered_Immune,0.06779661016949153
15,Death,0.05084745762711865
15,Asymptomatic,0.8813559322033898
15,Hospitalization,0.06779661016949153
15,Severe,0.0
16,Susceptible,0.23728813559322035
16,Infected,0.6440677966101694
16,Recovered_Immune,0.06779661016949153
16,Death,0.05084745762711865
16,Asymptomatic,0.8813559322033898
16,Hospitalization,0.06779661016949153
16,Severe,0.0
17,Susceptible,0.23728813559322035
17,Infected,0.6440677966101694
17,Recovered_Immune,0.06779661016949153
17,Death,0.05084745762711865
17,Asymptomatic,0.864406779661017
17,Hospitalization,0.0847457627118644
17,Severe,0.0
18,Susceptible,0.23728813559322035
18,Infected,0.6440677966101694
18,Recovered_Immune,0.06779661016949153
18,Death,0.05084745762711865
18,Asymptomatic,0.864406779661017
18,Hospitalization,0.0847457627118644
18,Severe,0.0
19,Susceptible,0.23728813559322035
19,Infected,0.6440677966101694
19,Recovered_Immune,0.06779661016949153
19,Death,0.05084745762711865
19,Asymptomatic,0.864406779661017
19,Hospitalization,0.0847457627118644
19,Severe,0.0
20,Susceptible,0.23728813559322035
20,Infected,0.5847457627118644
20,Recovered_Immune,0.1271186440677966
20,Death,0.05084745762711865
20,Asymptomatic,0.8728813559322034
20,Hospitalization,0.07627118644067797
20,Severe,0.0
21,Susceptible,0.22033898305084745
21,Infected,0.5338983050847458
21,Recovered_Immune,0.1864406779661017
21,Death,0.059322033898305086
21,Asymptomatic,0.8813559322033898
21,Hospitalization,0.059322033898305086
21,Severe,0.0
22,Susceptible,0.22033898305084745
22,Infected,0.4576271186440678
22,Recovered_Immune,0.2627118644067797
22,Death,0.059322033898305086
22,Asymptomatic,0.8728813559322034
22,Hospitalization,0.06779661016949153
22,Severe,0.0
23,Susceptible,0.22033898305084745
23,Infected,0.3559322033898305
23,Recovered_Immune,0.3644067796610169
23,Death,0.059322033898305086
23,Asymptomatic,0.8813559322033898
23,Hospitalization,0.059322033898305086
23,Severe,0.0
24,Susceptible,0.22033898305084745
24,Infected,0.2796610169491525
24,Recovered_Immune,0.4322033898305085
24,Death,0.06779661016949153
24,Asymptomatic,0.9067796610169492
24,Hospitalization,0.025423728813559324
24,Severe,0.0
25,Susceptible,0.22033898305084745
25,Infected,0.2711864406779661
25,Recovered_Immune,0.4406779661016949
25,Death,0.06779661016949153
25,Asymptomatic,0.9067796610169492
25,Hospitalization,0.025423728813559324
25,Severe,0.0
26,Susceptible,0.211864406779661
26,Infected,0.2542372881355932
26,Recovered_Immune,0.4661016949152542
26,Death,0.06779661016949153
26,Asymptomatic,0.9152542372881356
26,Hospitalization,0.01694915254237288
26,Severe,0.0
27,Susceptible,0.2033898305084746
27,Infected,0.2288135593220339
27,Recovered_Immune,0.5
27,Death,0.06779661016949153
27,Asymptomatic,0.9152542372881356
27,Hospitalization,0.01694915254237288
27,Severe,0.0
28,Susceptible,0.19491525423728814
28,Infected,0.1694915254237288
28,Recovered_Immune,0.5677966101694916
28,Death,0.06779661016949153
28,Asymptomatic,0.923728813559322
28,Hospitalization,0.00847457627118644
28,Severe,0.0
29,Susceptible,0.1864406779661017
29,Infected,0.17796610169491525
29,Recovered_Immune,0.5677966101694916
29,Death,0.06779661016949153
29,Asymptomatic,0.9152542372881356
29,Hospitalization,0.01694915254237288
29,Severe,0.0
30,Susceptible,0.17796610169491525
30,Infected,0.15254237288135594
30,Recovered_Immune,0.6016949152542372
30,Death,0.06779661016949153
30,Asymptomatic,0.9152542372881356
30,Hospitalization,0.01694915254237288
30,Severe,0.0
31,Susceptible,0.1694915254237288
31,Infected,0.1440677966101695
31,Recovered_Immune,0.6186440677966102
31,Death,0.06779661016949153
31,Asymptomatic,0.9152542372881356
31,Hospitalization,0.01694915254237288
31,Severe,0.0
32,Susceptible,0.16101694915254236
32,Infected,0.1440677966101695
32,Recovered_Immune,0.6271186440677966
32,Death,0.06779661016949153
32,Asymptomatic,0.9067796610169492
32,Hospitalization,0.025423728813559324
32,Severe,0.0
33,Susceptible,0.15254237288135594
33,Infected,0.11864406779661017
33,Recovered_Immune,0.6610169491525424
33,Death,0.06779661016949153
33,Asymptomatic,0.9067796610169492
33,Hospitalization,0.025423728813559324
33,Severe,0.0
34,Susceptible,0.15254237288135594
34,Infected,0.11864406779661017
34,Recovered_Immune,0.6610169491525424
34,Death,0.06779661016949153
34,Asymptomatic,0.9067796610169492
34,Hospitalization,0.025423728813559324
34,Severe,0.0
35,Susceptible,0.15254237288135594
35,Infected,0.11016949152542373
35,Recovered_Immune,0.6694915254237288
35,Death,0.06779661016949153
35,Asymptomatic,0.8983050847457628
35,Hospitalization,0.03389830508474576
35,Severe,0.0
36,Susceptible,0.15254237288135594
36,Infected,0.09322033898305085
36,Recovered_Immune,0.6864406779661016
36,Death,0.06779661016949153
36,Asymptomatic,0.8898305084745762
36,Hospitalization,0.0423728813559322
36,Severe,0.0
37,Susceptible,0.15254237288135594
37,Infected,0.0847457627118644
37,Recovered_Immune,0.6949152542372882
37,Death,0.06779661016949153
37,Asymptomatic,0.8898305084745762
37,Hospitalization,0.0423728813559322
37,Severe,0.0
38,Susceptible,0.15254237288135594
38,Infected,0.0847457627118644
38,Recovered_Immune,0.6949152542372882
38,Death,0.06779661016949153
38,Asymptomatic,0.8813559322033898
38,Hospitalization,0.05084745762711865
38,Severe,0.0
39,Susceptible,0.15254237288135594
39,Infected,0.07627118644067797
39,Recovered_Immune,0.6949152542372882
39,Death,0.07627118644067797
39,Asymptomatic,0.8813559322033898
39,Hospitalization,0.0423728813559322
39,Severe,0.0
40,Susceptible,0.15254237288135594
40,Infected,0.07627118644067797
40,Recovered_Immune,0.6949152542372882
40,Death,0.07627118644067797
40,Asymptomatic,0.8813559322033898
40,Hospitalization,0.03389830508474576
40,Severe,0.00847457627118644
41,Susceptible,0.15254237288135594
41,Infected,0.07627118644067797
41,Recovered_Immune,0.6949152542372882
41,Death,0.07627118644067797
41,Asymptomatic,0.8813559322033898
41,Hospitalization,0.025423728813559324
41,Severe,0.01694915254237288
42,Susceptible,0.15254237288135594
42,Infected,0.06779661016949153
42,Recovered_Immune,0.7033898305084746
42,Death,0.07627118644067797
42,Asymptomatic,0.8898305084745762
42,Hospitalization,0.01694915254237288
42,Severe,0.01694915254237288
43,Susceptible,0.15254237288135594
43,Infected,0.06779661016949153
43,Recovered_Immune,0.7033898305084746
43,Death,0.07627118644067797
43,Asymptomatic,0.8898305084745762
43,Hospitalization,0.01694915254237288
43,Severe,0.01694915254237288
44,Susceptible,0.15254237288135594
44,Infected,0.06779661016949153
44,Recovered_Immune,0.7033898305084746
44,Death,0.07627118644067797
44,Asymptomatic,0.8898305084745762
44,Hospitalization,0.01694915254237288
44,Severe,0.01694915254237288
45,Susceptible,0.15254237288135594
45,Infected,0.06779661016949153
45,Recovered_Immune,0.7033898305084746
45,Death,0.07627118644067797
45,Asymptomatic,0.8898305084745762
45,Hospitalization,0.01694915254237288
45,Severe,0.01694915254237288
46,Susceptible,0.15254237288135594
46,Infected,0.06779661016949153
46,Recovered_Immune,0.7033898305084746
46,Death,0.07627118644067797
46,Asymptomatic,0.8898305084745762
46,Hospitalization,0.01694915254237288
46,Severe,0.01694915254237288
47,Susceptible,0.15254237288135594
47,Infected,0.059322033898305086
47,Recovered_Immune,0.711864406779661
47,Death,0.07627118644067797
47,Asymptomatic,0.8983050847457628
47,Hospitalization,0.01694915254237288
47,Severe,0.00847457627118644
48,Susceptible,0.15254237288135594
48,Infected,0.05084745762711865
48,Recovered_Immune,0.7203389830508474
48,Death,0.07627118644067797
48,Asymptomatic,0.9067796610169492
48,Hospitalization,0.00847457627118644
48,Severe,0.00847457627118644
49,Susceptible,0.15254237288135594
49,Infected,0.0423728813559322
49,Recovered_Immune,0.7288135593220338
49,Death,0.07627118644067797
49,Asymptomatic,0.9067796610169492
49,Hospitalization,0.00847457627118644
49,Severe,0.00847457627118644
50,Susceptible,0.15254237288135594
50,Infected,0.03389830508474576
50,Recovered_Immune,0.7372881355932204
50,Death,0.07627118644067797
50,Asymptomatic,0.9067796610169492
50,Hospitalization,0.00847457627118644
50,Severe,0.00847457627118644
51,Susceptible,0.15254237288135594
51,Infected,0.025423728813559324
51,Recovered_Immune,0.7457627118644068
51,Death,0.07627118644067797
51,Asymptomatic,0.9067796610169492
51,Hospitalization,0.00847457627118644
51,Severe,0.00847457627118644
52,Susceptible,0.15254237288135594
52,Infected,0.01694915254237288
52,Recovered_Immune,0.7542372881355932
52,Death,0.07627118644067797
52,Asymptomatic,0.9152542372881356
52,Hospitalization,0.00847457627118644
52,Severe,0.0
53,Susceptible,0.15254237288135594
53,Infected,0.00847457627118644
53,Recovered_Immune,0.7627118644067796
53,Death,0.07627118644067797
53,Asymptomatic,0.9152542372881356
53,Hospitalization,0.00847457627118644
53,Severe,0.0
54,Susceptible,0.15254237288135594
54,Infected,0.0
54,Recovered_Immune,0.7711864406779662
54,Death,0.07627118644067797
54,Asymptomatic,0.923728813559322
54,Hospitalization,0.0
54,Severe,0.0
55,Susceptible,0.15254237288135594
55,Infected,0.0
55,Recovered_Immune,0.7711864406779662
55,Death,0.07627118644067797
55,Asymptomatic,0.923728813559322
55,Hospitalization,0.0
55,Severe,0.0
56,Susceptible,0.15254237288135594
56,Infected,0.0
56,Recovered_Immune,0.7711864406779662
56,Death,0.07627118644067797
56,Asymptomatic,0.923728813559322
56,Hospitalization,0.0
56,Severe,0.0
57,Susceptible,0.15254237288135594
57,Infected,0.0
57,Recovered_Immune,0.7711864406779662
57,Death,0.07627118644067797
57,Asymptomatic,0.923728813559322
57,Hospitalization,0.0
57,Severe,0.0
58,Susceptible,0.15254237288135594
58,Infected,0.0
58,Recovered_Immune,0.7711864406779662
58,Death,0.07627118644067797
58,Asymptomatic,0.923728813559322
58,Hospitalization,0.0
58,Severe,0.0
59,Susceptible,0.15254237288135594
59,Infected,0.0
59,Recovered_Immune,0.7711864406779662
59,Death,0.07627118644067797
59,Asymptomatic,0.923728813559322
59,Hospitalization,0.0
59,Severe,0.0
60,Susceptible,0.15254237288135594
60,Infected,0.0
60,Recovered_Immune,0.7711864406779662
60,Death,0.07627118644067797
60,Asymptomatic,0.923728813559322
60,Hospitalization,0.0
60,Severe,0.0
61,Susceptible,0.15254237288135594
61,Infected,0.0
61,Recovered_Immune,0.7711864406779662
61,Death,0.07627118644067797
61,Asymptomatic,0.923728813559322
61,Hospitalization,0.0
61,Severe,0.0
62,Susceptible,0.15254237288135594
62,Infected,0.0
62,Recovered_Immune,0.7711864406779662
62,Death,0.07627118644067797
62,Asymptomatic,0.923728813559322
62,Hospitalization,0.0
62,Severe,0.0
63,Susceptible,0.15254237288135594
63,Infected,0.0
63,Recovered_Immune,0.7711864406779662
63,Death,0.07627118644067797
63,Asymptomatic,0.923728813559322
63,Hospitalization,0.0
63,Severe,0.0
64,Susceptible,0.15254237288135594
64,Infected,0.0
64,Recovered_Immune,0.7711864406779662
64,Death,0.07627118644067797
64,Asymptomatic,0.923728813559322
64,Hospitalization,0.0
64,Severe,0.0
65,Susceptible,0.15254237288135594
65,Infected,0.0
65,Recovered_Immune,0.7711864406779662
65,Death,0.07627118644067797
65,Asymptomatic,0.923728813559322
65,Hospitalization,0.0
65,Severe,0.0
66,Susceptible,0.15254237288135594
66,Infected,0.0
66,Recovered_Immune,0.7711864406779662
66,Death,0.07627118644067797
66,Asymptomatic,0.923728813559322
66,Hospitalization,0.0
66,Severe,0.0
67,Susceptible,0.15254237288135594
67,Infected,0.0
67,Recovered_Immune,0.7711864406779662
67,Death,0.07627118644067797
67,Asymptomatic,0.923728813559322
67,Hospitalization,0.0
67,Severe,0.0
68,Susceptible,0.15254237288135594
68,Infected,0.0
68,Recovered_Immune,0.7711864406779662
68,Death,0.07627118644067797
68,Asymptomatic,0.923728813559322
68,Hospitalization,0.0
68,Severe,0.0
69,Susceptible,0.15254237288135594
69,Infected,0.0
69,Recovered_Immune,0.7711864406779662
69,Death,0.07627118644067797
69,Asymptomatic,0.923728813559322
69,Hospitalization,0.0
69,Severe,0.0
70,Susceptible,0.15254237288135594
70,Infected,0.0
70,Recovered_Immune,0.7711864406779662
70,Death,0.07627118644067797
70,Asymptomatic,0.923728813559322
70,Hospitalization,0.0
70,Severe,0.0
71,Susceptible,0.15254237288135594
71,Infected,0.0
71,Recovered_Immune,0.7711864406779662
71,Death,0.07627118644067797
71,Asymptomatic,0.923728813559322
71,Hospitalization,0.0
71,Severe,0.0
72,Susceptible,0.15254237288135594
72,Infected,0.0
72,Recovered_Immune,0.7711864406779662
72,Death,0.07627118644067797
72,Asymptomatic,0.923728813559322
72,Hospitalization,0.0
72,Severe,0.0
73,Susceptible,0.15254237288135594
73,Infected,0.0
73,Recovered_Immune,0.7711864406779662
73,Death,0.07627118644067797
73,Asymptomatic,0.923728813559322
73,Hospitalization,0.0
73,Severe,0.0
74,Susceptible,0.15254237288135594
74,Infected,0.0
74,Recovered_Immune,0.7711864406779662
74,Death,0.07627118644067797
74,Asymptomatic,0.923728813559322
74,Hospitalization,0.0
74,Severe,0.0
75,Susceptible,0.15254237288135594
75,Infected,0.0
75,Recovered_Immune,0.7711864406779662
75,Death,0.07627118644067797
75,Asymptomatic,0.923728813559322
75,Hospitalization,0.0
75,Severe,0.0
76,Susceptible,0.15254237288135594
76,Infected,0.0
76,Recovered_Immune,0.7711864406779662
76,Death,0.07627118644067797
76,Asymptomatic,0.923728813559322
76,Hospitalization,0.0
76,Severe,0.0
77,Susceptible,0.15254237288135594
77,Infected,0.0
77,Recovered_Immune,0.7711864406779662
77,Death,0.07627118644067797
77,Asymptomatic,0.923728813559322
77,Hospitalization,0.0
77,Severe,0.0
78,Susceptible,0.15254237288135594
78,Infected,0.0
78,Recovered_Immune,0.7711864406779662
78,Death,0.07627118644067797
78,Asymptomatic,0.923728813559322
78,Hospitalization,0.0
78,Severe,0.0
79,Susceptible,0.15254237288135594
79,Infected,0.0
79,Recovered_Immune,0.7711864406779662
79,Death,0.07627118644067797
79,Asymptomatic,0.923728813559322
79,Hospitalization,0.0
79,Severe,0.0
80,Susceptible,0.15254237288135594
80,Infected,0.0
80,Recovered_Immune,0.7711864406779662
80,Death,0.07627118644067797
80,Asymptomatic,0.923728813559322
80,Hospitalization,0.0
80,Severe,0.0
81,Susceptible,0.15254237288135594
81,Infected,0.0
81,Recovered_Immune,0.7711864406779662
81,Death,0.07627118644067797
81,Asymptomatic,0.923728813559322
81,Hospitalization,0.0
81,Severe,0.0
82,Susceptible,0.15254237288135594
82,Infected,0.0
82,Recovered_Immune,0.7711864406779662
82,Death,0.07627118644067797
82,Asymptomatic,0.923728813559322
82,Hospitalization,0.0
82,Severe,0.0
83,Susceptible,0.15254237288135594
83,Infected,0.0
83,Recovered_Immune,0.7711864406779662
83,Death,0.07627118644067797
83,Asymptomatic,0.923728813559322
83,Hospitalization,0.0
83,Severe,0.0
84,Susceptible,0.15254237288135594
84,Infected,0.0
84,Recovered_Immune,0.7711864406779662
84,Death,0.07627118644067797
84,Asymptomatic,0.923728813559322
84,Hospitalization,0.0
84,Severe,0.0
85,Susceptible,0.15254237288135594
85,Infected,0.0
85,Recovered_Immune,0.7711864406779662
85,Death,0.07627118644067797
85,Asymptomatic,0.923728813559322
85,Hospitalization,0.0
85,Severe,0.0
86,Susceptible,0.15254237288135594
86,Infected,0.0
86,Recovered_Immune,0.7711864406779662
86,Death,0.07627118644067797
86,Asymptomatic,0.923728813559322
86,Hospitalization,0.0
86,Severe,0.0
87,Susceptible,0.15254237288135594
87,Infected,0.0
87,Recovered_Immune,0.7711864406779662
87,Death,0.07627118644067797
87,Asymptomatic,0.923728813559322
87,Hospitalization,0.0
87,Severe,0.0
88,Susceptible,0.15254237288135594
88,Infected,0.0
88,Recovered_Immune,0.7711864406779662
88,Death,0.07627118644067797
88,Asymptomatic,0.923728813559322
88,Hospitalization,0.0
88,Severe,0.0
89,Susceptible,0.15254237288135594
89,Infected,0.0
89,Recovered_Immune,0.7711864406779662
89,Death,0.07627118644067797
89,Asymptomatic,0.923728813559322
89,Hospitalization,0.0
89,Severe,0.0
90,Susceptible,0.15254237288135594
90,Infected,0.0
90,Recovered_Immune,0.7711864406779662
90,Death,0.07627118644067797
90,Asymptomatic,0.923728813559322
90,Hospitalization,0.0
90,Severe,0.0
91,Susceptible,0.15254237288135594
91,Infected,0.0
91,Recovered_Immune,0.7711864406779662
91,Death,0.07627118644067797
91,Asymptomatic,0.923728813559322
91,Hospitalization,0.0
91,Severe,0.0
92,Susceptible,0.15254237288135594
92,Infected,0.0
92,Recovered_Immune,0.7711864406779662
92,Death,0.07627118644067797
92,Asymptomatic,0.923728813559322
92,Hospitalization,0.0
92,Severe,0.0
93,Susceptible,0.15254237288135594
93,Infected,0.0
93,Recovered_Immune,0.7711864406779662
93,Death,0.07627118644067797
93,Asymptomatic,0.923728813559322
93,Hospitalization,0.0
93,Severe,0.0
94,Susceptible,0.15254237288135594
94,Infected,0.0
94,Recovered_Immune,0.7711864406779662
94,Death,0.07627118644067797
94,Asymptomatic,0.923728813559322
94,Hospitalization,0.0
94,Severe,0.0
95,Susceptible,0.15254237288135594
95,Infected,0.0
95,Recovered_Immune,0.7711864406779662
95,Death,0.07627118644067797
95,Asymptomatic,0.923728813559322
95,Hospitalization,0.0
95,Severe,0.0
96,Susceptible,0.15254237288135594
96,Infected,0.0
96,Recovered_Immune,0.7711864406779662
96,Death,0.07627118644067797
96,Asymptomatic,0.923728813559322
96,Hospitalization,0.0
96,Severe,0.0
97,Susceptible,0.15254237288135594
97,Infected,0.0
97,Recovered_Immune,0.7711864406779662
97,Death,0.07627118644067797
97,Asymptomatic,0.923728813559322
97,Hospitalization,0.0
97,Severe,0.0
98,Susceptible,0.15254237288135594
98,Infected,0.0
98,Recovered_Immune,0.7711864406779662
98,Death,0.07627118644067797
98,Asymptomatic,0.923728813559322
98,Hospitalization,0.0
98,Severe,0.0
99,Susceptible,0.15254237288135594
99,Infected,0.0
99,Recovered_Immune,0.7711864406779662
99,Death,0.07627118644067797
99,Asymptomatic,0.923728813559322
99,Hospitalization,0.0
99,Severe,0.0
100,Susceptible,0.15254237288135594
100,Infected,0.0
100,Recovered_Immune,0.7711864406779662
100,Death,0.07627118644067797
100,Asymptomatic,0.923728813559322
100,Hospitalization,0.0
100,Severe,0.0
101,Susceptible,0.15254237288135594
101,Infected,0.0
101,Recovered_Immune,0.7711864406779662
101,Death,0.07627118644067797
101,Asymptomatic,0.923728813559322
101,Hospitalization,0.0
101,Severe,0.0
102,Susceptible,0.15254237288135594
102,Infected,0.0
102,Recovered_Immune,0.7711864406779662
102,Death,0.07627118644067797
102,Asymptomatic,0.923728813559322
102,Hospitalization,0.0
102,Severe,0.0
103,Susceptible,0.15254237288135594
103,Infected,0.0
103,Recovered_Immune,0.7711864406779662
103,Death,0.07627118644067797
103,Asymptomatic,0.923728813559322
103,Hospitalization,0.0
103,Severe,0.0
104,Susceptible,0.15254237288135594
104,Infected,0.0
104,Recovered_Immune,0.7711864406779662
104,Death,0.07627118644067797
104,Asymptomatic,0.923728813559322
104,Hospitalization,0.0
104,Severe,0.0
105,Susceptible,0.15254237288135594
105,Infected,0.0
105,Recovered_Immune,0.7711864406779662
105,Death,0.07627118644067797
105,Asymptomatic,0.923728813559322
105,Hospitalization,0.0
105,Severe,0.0
106,Susceptible,0.15254237288135594
106,Infected,0.0
106,Recovered_Immune,0.7711864406779662
106,Death,0.07627118644067797
106,Asymptomatic,0.923728813559322
106,Hospitalization,0.0
106,Severe,0.0
107,Susceptible,0.15254237288135594
107,Infected,0.0
107,Recovered_Immune,0.7711864406779662
107,Death,0.07627118644067797
107,Asymptomatic,0.923728813559322
107,Hospitalization,0.0
107,Severe,0.0
108,Susceptible,0.15254237288135594
108,Infected,0.0
108,Recovered_Immune,0.7711864406779662
108,Death,0.07627118644067797
108,Asymptomatic,0.923728813559322
108,Hospitalization,0.0
108,Severe,0.0
109,Susceptible,0.15254237288135594
109,Infected,0.0
109,Recovered_Immune,0.7711864406779662
109,Death,0.07627118644067797
109,Asymptomatic,0.923728813559322
109,Hospitalization,0.0
109,Severe,0.0
110,Susceptible,0.15254237288135594
110,Infected,0.0
110,Recovered_Immune,0.7711864406779662
110,Death,0.07627118644067797
110,Asymptomatic,0.923728813559322
110,Hospitalization,0.0
110,Severe,0.0
111,Susceptible,0.15254237288135594
111,Infected,0.0
111,Recovered_Immune,0.7711864406779662
111,Death,0.07627118644067797
111,Asymptomatic,0.923728813559322
111,Hospitalization,0.0
111,Severe,0.0
112,Susceptible,0.15254237288135594
112,Infected,0.0
112,Recovered_Immune,0.7711864406779662
112,Death,0.07627118644067797
112,Asymptomatic,0.923728813559322
112,Hospitalization,0.0
112,Severe,0.0
113,Susceptible,0.15254237288135594
113,Infected,0.0
113,Recovered_Immune,0.7711864406779662
113,Death,0.07627118644067797
113,Asymptomatic,0.923728813559322
113,Hospitalization,0.0
113,Severe,0.0
114,Susceptible,0.15254237288135594
114,Infected,0.0
114,Recovered_Immune,0.7711864406779662
114,Death,0.07627118644067797
114,Asymptomatic,0.923728813559322
114,Hospitalization,0.0
114,Severe,0.0
115,Susceptible,0.15254237288135594
115,Infected,0.0
115,Recovered_Immune,0.7711864406779662
115,Death,0.07627118644067797
115,Asymptomatic,0.923728813559322
115,Hospitalization,0.0
115,Severe,0.0
116,Susceptible,0.15254237288135594
116,Infected,0.0
116,Recovered_Immune,0.7711864406779662
116,Death,0.07627118644067797
116,Asymptomatic,0.923728813559322
116,Hospitalization,0.0
116,Severe,0.0
117,Susceptible,0.15254237288135594
117,Infected,0.0
117,Recovered_Immune,0.7711864406779662
117,Death,0.07627118644067797
117,Asymptomatic,0.923728813559322
117,Hospitalization,0.0
117,Severe,0.0
118,Susceptible,0.15254237288135594
118,Infected,0.0
118,Recovered_Immune,0.7711864406779662
118,Death,0.07627118644067797
118,Asymptomatic,0.923728813559322
118,Hospitalization,0.0
118,Severe,0.0
119,Susceptible,0.15254237288135594
119,Infected,0.0
119,Recovered_Immune,0.7711864406779662
119,Death,0.07627118644067797
119,Asymptomatic,0.923728813559322
119,Hospitalization,0.0
119,Severe,0.0
120,Susceptible,0.15254237288135594
120,Infected,0.0
120,Recovered_Immune,0.7711864406779662
120,Death,0.07627118644067797
120,Asymptomatic,0.923728813559322
120,Hospitalization,0.0
120,Severe,0.0
121,Susceptible,0.15254237288135594
121,Infected,0.0
121,Recovered_Immune,0.7711864406779662
121,Death,0.07627118644067797
121,Asymptomatic,0.923728813559322
121,Hospitalization,0.0
121,Severe,0.0
122,Susceptible,0.15254237288135594
122,Infected,0.0
122,Recovered_Immune,0.7711864406779662
122,Death,0.07627118644067797
122,Asymptomatic,0.923728813559322
122,Hospitalization,0.0
122,Severe,0.0
123,Susceptible,0.15254237288135594
123,Infected,0.0
123,Recovered_Immune,0.7711864406779662
123,Death,0.07627118644067797
123,Asymptomatic,0.923728813559322
123,Hospitalization,0.0
123,Severe,0.0
124,Susceptible,0.15254237288135594
124,Infected,0.0
124,Recovered_Immune,0.7711864406779662
124,Death,0.07627118644067797
124,Asymptomatic,0.923728813559322
124,Hospitalization,0.0
124,Severe,0.0
125,Susceptible,0.15254237288135594
125,Infected,0.0
125,Recovered_Immune,0.7711864406779662
125,Death,0.07627118644067797
125,Asymptomatic,0.923728813559322
125,Hospitalization,0.0
125,Severe,0.0
126,Susceptible,0.15254237288135594
126,Infected,0.0
126,Recovered_Immune,0.7711864406779662
126,Death,0.07627118644067797
126,Asymptomatic,0.923728813559322
126,Hospitalization,0.0
126,Severe,0.0
127,Susceptible,0.15254237288135594
127,Infected,0.0
127,Recovered_Immune,0.7711864406779662
127,Death,0.07627118644067797
127,Asymptomatic,0.923728813559322
127,Hospitalization,0.0
127,Severe,0.0
128,Susceptible,0.15254237288135594
128,Infected,0.0
128,Recovered_Immune,0.7711864406779662
128,Death,0.07627118644067797
128,Asymptomatic,0.923728813559322
128,Hospitalization,0.0
128,Severe,0.0
129,Susceptible,0.15254237288135594
129,Infected,0.0
129,Recovered_Immune,0.7711864406779662
129,Death,0.07627118644067797
129,Asymptomatic,0.923728813559322
129,Hospitalization,0.0
129,Severe,0.0
130,Susceptible,0.15254237288135594
130,Infected,0.0
130,Recovered_Immune,0.7711864406779662
130,Death,0.07627118644067797
130,Asymptomatic,0.923728813559322
130,Hospitalization,0.0
130,Severe,0.0
131,Susceptible,0.15254237288135594
131,Infected,0.0
131,Recovered_Immune,0.7711864406779662
131,Death,0.07627118644067797
131,Asymptomatic,0.923728813559322
131,Hospitalization,0.0
131,Severe,0.0
132,Susceptible,0.15254237288135594
132,Infected,0.0
132,Recovered_Immune,0.7711864406779662
132,Death,0.07627118644067797
132,Asymptomatic,0.923728813559322
132,Hospitalization,0.0
132,Severe,0.0
133,Susceptible,0.15254237288135594
133,Infected,0.0
133,Recovered_Immune,0.7711864406779662
133,Death,0.07627118644067797
133,Asymptomatic,0.923728813559322
133,Hospitalization,0.0
133,Severe,0.0
134,Susceptible,0.15254237288135594
134,Infected,0.0
134,Recovered_Immune,0.7711864406779662
134,Death,0.07627118644067797
134,Asymptomatic,0.923728813559322
134,Hospitalization,0.0
134,Severe,0.0
135,Susceptible,0.15254237288135594
135,Infected,0.0
135,Recovered_Immune,0.7711864406779662
135,Death,0.07627118644067797
135,Asymptomatic,0.923728813559322
135,Hospitalization,0.0
135,Severe,0.0
136,Susceptible,0.15254237288135594
136,Infected,0.0
136,Recovered_Immune,0.7711864406779662
136,Death,0.07627118644067797
136,Asymptomatic,0.923728813559322
136,Hospitalization,0.0
136,Severe,0.0
137,Susceptible,0.15254237288135594
137,Infected,0.0
137,Recovered_Immune,0.7711864406779662
137,Death,0.07627118644067797
137,Asymptomatic,0.923728813559322
137,Hospitalization,0.0
137,Severe,0.0
138,Susceptible,0.15254237288135594
138,Infected,0.0
138,Recovered_Immune,0.7711864406779662
138,Death,0.07627118644067797
138,Asymptomatic,0.923728813559322
138,Hospitalization,0.0
138,Severe,0.0
139,Susceptible,0.15254237288135594
139,Infected,0.0
139,Recovered_Immune,0.7711864406779662
139,Death,0.07627118644067797
139,Asymptomatic,0.923728813559322
139,Hospitalization,0.0
139,Severe,0.0
140,Susceptible,0.15254237288135594
140,Infected,0.0
140,Recovered_Immune,0.7711864406779662
140,Death,0.07627118644067797
140,Asymptomatic,0.923728813559322
140,Hospitalization,0.0
140,Severe,0.0
141,Susceptible,0.15254237288135594
141,Infected,0.0
141,Recovered_Immune,0.7711864406779662
141,Death,0.07627118644067797
141,Asymptomatic,0.923728813559322
141,Hospitalization,0.0
141,Severe,0.0
142,Susceptible,0.15254237288135594
142,Infected,0.0
142,Recovered_Immune,0.7711864406779662
142,Death,0.07627118644067797
142,Asymptomatic,0.923728813559322
142,Hospitalization,0.0
142,Severe,0.0
143,Susceptible,0.15254237288135594
143,Infected,0.0
143,Recovered_Immune,0.7711864406779662
143,Death,0.07627118644067797
143,Asymptomatic,0.923728813559322
143,Hospitalization,0.0
143,Severe,0.0
144,Susceptible,0.15254237288135594
144,Infected,0.0
144,Recovered_Immune,0.7711864406779662
144,Death,0.07627118644067797
144,Asymptomatic,0.923728813559322
144,Hospitalization,0.0
144,Severe,0.0
145,Susceptible,0.15254237288135594
145,Infected,0.0
145,Recovered_Immune,0.7711864406779662
145,Death,0.07627118644067797
145,Asymptomatic,0.923728813559322
145,Hospitalization,0.0
145,Severe,0.0
