Iteration,Metric,Avg
0,Susceptible,0.8220338983050848
0,Infected,0.0847457627118644
0,Recovered_Immune,0.09322033898305085
0,Death,0.0
0,Asymptomatic,1.0
0,Hospitalization,0.0
0,Severe,0.0
1,Susceptible,0.7796610169491526
1,Infected,0.1271186440677966
1,Recovered_Immune,0.09322033898305085
1,Death,0.0
1,Asymptomatic,0.9915254237288136
1,Hospitalization,0.00847457627118644
1,Severe,0.0
2,Susceptible,0.7796610169491526
2,Infected,0.1271186440677966
2,Recovered_Immune,0.09322033898305085
2,Death,0.0
2,Asymptomatic,0.9830508474576272
2,Hospitalization,0.01694915254237288
2,Severe,0.0
3,Susceptible,0.7796610169491526
3,Infected,0.1271186440677966
3,Recovered_Immune,0.09322033898305085
3,Death,0.0
3,Asymptomatic,0.9830508474576272
3,Hospitalization,0.01694915254237288
3,Severe,0.0
4,Susceptible,0.7627118644067796
4,Infected,0.1440677966101695
4,Recovered_Immune,0.09322033898305085
4,Death,0.0
4,Asymptomatic,0.9830508474576272
4,Hospitalization,0.01694915254237288
4,Severe,0.0
5,Susceptible,0.7542372881355932
5,Infected,0.15254237288135594
5,Recovered_Immune,0.09322033898305085
5,Death,0.0
5,Asymptomatic,0.9830508474576272
5,Hospitalization,0.01694915254237288
5,Severe,0.0
6,Susceptible,0.7542372881355932
6,Infected,0.15254237288135594
6,Recovered_Immune,0.09322033898305085
6,Death,0.0
6,Asymptomatic,0.9830508474576272
6,Hospitalization,0.01694915254237288
6,Severe,0.0
7,Susceptible,0.7203389830508474
7,Infected,0.1864406779661017
7,Recovered_Immune,0.09322033898305085
7,Death,0.0
7,Asymptomatic,0.9830508474576272
7,Hospitalization,0.01694915254237288
7,Severe,0.0
8,Susceptible,0.711864406779661
8,Infected,0.19491525423728814
8,Recovered_Immune,0.09322033898305085
8,Death,0.0
8,Asymptomatic,0.9830508474576272
8,Hospitalization,0.01694915254237288
8,Severe,0.0
9,Susceptible,0.711864406779661
9,Infected,0.19491525423728814
9,Recovered_Immune,0.09322033898305085
9,Death,0.0
9,Asymptomatic,0.9745762711864406
9,Hospitalization,0.025423728813559324
9,Severe,0.0
10,Susceptible,0.7033898305084746
10,Infected,0.2033898305084746
10,Recovered_Immune,0.09322033898305085
10,Death,0.0
10,Asymptomatic,0.9745762711864406
10,Hospitalization,0.025423728813559324
10,Severe,0.0
11,Susceptible,0.7033898305084746
11,Infected,0.2033898305084746
11,Recovered_Immune,0.09322033898305085
11,Death,0.0
11,Asymptomatic,0.9745762711864406
11,Hospitalization,0.025423728813559324
11,Severe,0.0
12,Susceptible,0.6949152542372882
12,Infected,0.2033898305084746
12,Recovered_Immune,0.09322033898305085
12,Death,0.00847457627118644
12,Asymptomatic,0.9661016949152542
12,Hospitalization,0.025423728813559324
12,Severe,0.0
13,Susceptible,0.6949152542372882
13,Infected,0.2033898305084746
13,Recovered_Immune,0.09322033898305085
13,Death,0.00847457627118644
13,Asymptomatic,0.9661016949152542
13,Hospitalization,0.025423728813559324
13,Severe,0.0
14,Susceptible,0.6779661016949152
14,Infected,0.22033898305084745
14,Recovered_Immune,0.09322033898305085
14,Death,0.00847457627118644
14,Asymptomatic,0.9661016949152542
14,Hospitalization,0.025423728813559324
14,Severe,0.0
15,Susceptible,0.6610169491525424
15,Infected,0.23728813559322035
15,Recovered_Immune,0.09322033898305085
15,Death,0.00847457627118644
15,Asymptomatic,0.9661016949152542
15,Hospitalization,0.025423728813559324
15,Severe,0.0
16,Susceptible,0.635593220338983
16,Infected,0.2627118644067797
16,Recovered_Immune,0.09322033898305085
16,Death,0.00847457627118644
16,Asymptomatic,0.9661016949152542
16,Hospitalization,0.00847457627118644
16,Severe,0.01694915254237288
17,Susceptible,0.6186440677966102
17,Infected,0.2796610169491525
17,Recovered_Immune,0.09322033898305085
17,Death,0.00847457627118644
17,Asymptomatic,0.9661016949152542
17,Hospitalization,0.00847457627118644
17,Severe,0.01694915254237288
18,Susceptible,0.6016949152542372
18,Infected,0.2966101694915254
18,Recovered_Immune,0.09322033898305085
18,Death,0.00847457627118644
18,Asymptomatic,0.9576271186440678
18,Hospitalization,0.01694915254237288
18,Severe,0.01694915254237288
19,Susceptible,0.5932203389830508
19,Infected,0.3050847457627119
19,Recovered_Immune,0.09322033898305085
19,Death,0.00847457627118644
19,Asymptomatic,0.9576271186440678
19,Hospitalization,0.01694915254237288
19,Severe,0.01694915254237288
20,Susceptible,0.576271186440678
20,Infected,0.288135593220339
20,Recovered_Immune,0.1271186440677966
20,Death,0.00847457627118644
20,Asymptomatic,0.9745762711864406
20,Hospitalization,0.01694915254237288
20,Severe,0.0
21,Susceptible,0.5508474576271186
21,Infected,0.2627118644067797
21,Recovered_Immune,0.17796610169491525
21,Death,0.00847457627118644
21,Asymptomatic,0.9830508474576272
21,Hospitalization,0.00847457627118644
21,Severe,0.0
22,Susceptible,0.5508474576271186
22,Infected,0.2288135593220339
22,Recovered_Immune,0.211864406779661
22,Death,0.00847457627118644
22,Asymptomatic,0.9745762711864406
22,Hospitalization,0.01694915254237288
22,Severe,0.0
23,Susceptible,0.5508474576271186
23,Infected,0.2288135593220339
23,Recovered_Immune,0.211864406779661
23,Death,0.00847457627118644
23,Asymptomatic,0.9745762711864406
23,Hospitalization,0.01694915254237288
23,Severe,0.0
24,Susceptible,0.5423728813559322
24,Infected,0.23728813559322035
24,Recovered_Immune,0.211864406779661
24,Death,0.00847457627118644
24,Asymptomatic,0.9745762711864406
24,Hospitalization,0.01694915254237288
24,Severe,0.0
25,Susceptible,0.5338983050847458
25,Infected,0.2288135593220339
25,Recovered_Immune,0.2288135593220339
25,Death,0.00847457627118644
25,Asymptomatic,0.9745762711864406
25,Hospitalization,0.01694915254237288
25,Severe,0.0
26,Susceptible,0.5254237288135594
26,Infected,0.2288135593220339
26,Recovered_Immune,0.23728813559322035
26,Death,0.00847457627118644
26,Asymptomatic,0.9745762711864406
26,Hospitalization,0.01694915254237288
26,Severe,0.0
27,Susceptible,0.5254237288135594
27,Infected,0.2288135593220339
27,Recovered_Immune,0.23728813559322035
27,Death,0.00847457627118644
27,Asymptomatic,0.9745762711864406
27,Hospitalization,0.01694915254237288
27,Severe,0.0
28,Susceptible,0.5254237288135594
28,Infected,0.19491525423728814
28,Recovered_Immune,0.2711864406779661
28,Death,0.00847457627118644
28,Asymptomatic,0.9745762711864406
28,Hospitalization,0.01694915254237288
28,Severe,0.0
29,Susceptible,0.5254237288135594
29,Infected,0.1864406779661017
29,Recovered_Immune,0.2796610169491525
29,Death,0.00847457627118644
29,Asymptomatic,0.9745762711864406
29,Hospitalization,0.01694915254237288
29,Severe,0.0
30,Susceptible,0.5169491525423728
30,Infected,0.19491525423728814
30,Recovered_Immune,0.2796610169491525
30,Death,0.00847457627118644
30,Asymptomatic,0.9745762711864406
30,Hospitalization,0.01694915254237288
30,Severe,0.0
31,Susceptible,0.5084745762711864
31,Infected,0.19491525423728814
31,Recovered_Immune,0.288135593220339
31,Death,0.00847457627118644
31,Asymptomatic,0.9745762711864406
31,Hospitalization,0.01694915254237288
31,Severe,0.0
32,Susceptible,0.5084745762711864
32,Infected,0.19491525423728814
32,Recovered_Immune,0.288135593220339
32,Death,0.00847457627118644
32,Asymptomatic,0.9745762711864406
32,Hospitalization,0.01694915254237288
32,Severe,0.0
33,Susceptible,0.5084745762711864
33,Infected,0.1864406779661017
33,Recovered_Immune,0.2966101694915254
33,Death,0.00847457627118644
33,Asymptomatic,0.9745762711864406
33,Hospitalization,0.01694915254237288
33,Severe,0.0
34,Susceptible,0.5
34,Infected,0.19491525423728814
34,Recovered_Immune,0.2966101694915254
34,Death,0.00847457627118644
34,Asymptomatic,0.9745762711864406
34,Hospitalization,0.01694915254237288
34,Severe,0.0
35,Susceptible,0.5
35,Infected,0.17796610169491525
35,Recovered_Immune,0.3135593220338983
35,Death,0.00847457627118644
35,Asymptomatic,0.9745762711864406
35,Hospitalization,0.00847457627118644
35,Severe,0.00847457627118644
36,Susceptible,0.5
36,Infected,0.16101694915254236
36,Recovered_Immune,0.3305084745762712
36,Death,0.00847457627118644
36,Asymptomatic,0.9745762711864406
36,Hospitalization,0.00847457627118644
36,Severe,0.00847457627118644
37,Susceptible,0.5
37,Infected,0.13559322033898305
37,Recovered_Immune,0.3559322033898305
37,Death,0.00847457627118644
37,Asymptomatic,0.9830508474576272
37,Hospitalization,0.0
37,Severe,0.00847457627118644
38,Susceptible,0.5
38,Infected,0.11864406779661017
38,Recovered_Immune,0.3728813559322034
38,Death,0.00847457627118644
38,Asymptomatic,0.9830508474576272
38,Hospitalization,0.0
38,Severe,0.00847457627118644
39,Susceptible,0.5
39,Infected,0.1016949152542373
39,Recovered_Immune,0.3898305084745763
39,Death,0.00847457627118644
39,Asymptomatic,0.9830508474576272
39,Hospitalization,0.0
39,Severe,0.00847457627118644
40,Susceptible,0.5
40,Infected,0.09322033898305085
40,Recovered_Immune,0.3983050847457627
40,Death,0.00847457627118644
40,Asymptomatic,0.9830508474576272
40,Hospitalization,0.0
40,Severe,0.00847457627118644
41,Susceptible,0.5
41,Infected,0.07627118644067797
41,Recovered_Immune,0.4152542372881356
41,Death,0.00847457627118644
41,Asymptomatic,0.9915254237288136
41,Hospitalization,0.0
41,Severe,0.0
42,Susceptible,0.5
42,Infected,0.05084745762711865
42,Recovered_Immune,0.4406779661016949
42,Death,0.00847457627118644
42,Asymptomatic,0.9830508474576272
42,Hospitalization,0.00847457627118644
42,Severe,0.0
43,Susceptible,0.5
43,Infected,0.05084745762711865
43,Recovered_Immune,0.4406779661016949
43,Death,0.00847457627118644
43,Asymptomatic,0.9830508474576272
43,Hospitalization,0.00847457627118644
43,Severe,0.0
44,Susceptible,0.5
44,Infected,0.05084745762711865
44,Recovered_Immune,0.4406779661016949
44,Death,0.00847457627118644
44,Asymptomatic,0.9830508474576272
44,Hospitalization,0.00847457627118644
44,Severe,0.0
45,Susceptible,0.5
45,Infected,0.0423728813559322
45,Recovered_Immune,0.4491525423728814
45,Death,0.00847457627118644
45,Asymptomatic,0.9915254237288136
45,Hospitalization,0.0
45,Severe,0.0
46,Susceptible,0.4830508474576271
46,Infected,0.05084745762711865
46,Recovered_Immune,0.4576271186440678
46,Death,0.00847457627118644
46,Asymptomatic,0.9915254237288136
46,Hospitalization,0.0
46,Severe,0.0
47,Susceptible,0.4830508474576271
47,Infected,0.0423728813559322
47,Recovered_Immune,0.4661016949152542
47,Death,0.00847457627118644
47,Asymptomatic,0.9915254237288136
47,Hospitalization,0.0
47,Severe,0.0
48,Susceptible,0.4830508474576271
48,Infected,0.0423728813559322
48,Recovered_Immune,0.4661016949152542
48,Death,0.00847457627118644
48,Asymptomatic,0.9915254237288136
48,Hospitalization,0.0
48,Severe,0.0
49,Susceptible,0.4745762711864407
49,Infected,0.05084745762711865
49,Recovered_Immune,0.4661016949152542
49,Death,0.00847457627118644
49,Asymptomatic,0.9915254237288136
49,Hospitalization,0.0
49,Severe,0.0
50,Susceptible,0.4745762711864407
50,Infected,0.05084745762711865
50,Recovered_Immune,0.4661016949152542
50,Death,0.00847457627118644
50,Asymptomatic,0.9915254237288136
50,Hospitalization,0.0
50,Severe,0.0
51,Susceptible,0.4745762711864407
51,Infected,0.0423728813559322
51,Recovered_Immune,0.4745762711864407
51,Death,0.00847457627118644
51,Asymptomatic,0.9915254237288136
51,Hospitalization,0.0
51,Severe,0.0
52,Susceptible,0.4745762711864407
52,Infected,0.03389830508474576
52,Recovered_Immune,0.4830508474576271
52,Death,0.00847457627118644
52,Asymptomatic,0.9915254237288136
52,Hospitalization,0.0
52,Severe,0.0
53,Susceptible,0.4745762711864407
53,Infected,0.03389830508474576
53,Recovered_Immune,0.4830508474576271
53,Death,0.00847457627118644
53,Asymptomatic,0.9915254237288136
53,Hospitalization,0.0
53,Severe,0.0
54,Susceptible,0.4661016949152542
54,Infected,0.0423728813559322
54,Recovered_Immune,0.4830508474576271
54,Death,0.00847457627118644
54,Asymptomatic,0.9915254237288136
54,Hospitalization,0.0
54,Severe,0.0
55,Susceptible,0.4661016949152542
55,Infected,0.03389830508474576
55,Recovered_Immune,0.4915254237288136
55,Death,0.00847457627118644
55,Asymptomatic,0.9915254237288136
55,Hospitalization,0.0
55,Severe,0.0
56,Susceptible,0.4661016949152542
56,Infected,0.03389830508474576
56,Recovered_Immune,0.4915254237288136
56,Death,0.00847457627118644
56,Asymptomatic,0.9915254237288136
56,Hospitalization,0.0
56,Severe,0.0
57,Susceptible,0.4661016949152542
57,Infected,0.03389830508474576
57,Recovered_Immune,0.4915254237288136
57,Death,0.00847457627118644
57,Asymptomatic,0.9915254237288136
57,Hospitalization,0.0
57,Severe,0.0
58,Susceptible,0.4661016949152542
58,Infected,0.03389830508474576
58,Recovered_Immune,0.4915254237288136
58,Death,0.00847457627118644
58,Asymptomatic,0.9915254237288136
58,Hospitalization,0.0
58,Severe,0.0
59,Susceptible,0.4661016949152542
59,Infected,0.03389830508474576
59,Recovered_Immune,0.4915254237288136
59,Death,0.00847457627118644
59,Asymptomatic,0.9915254237288136
59,Hospitalization,0.0
59,Severe,0.0
60,Susceptible,0.4661016949152542
60,Infected,0.03389830508474576
60,Recovered_Immune,0.4915254237288136
60,Death,0.00847457627118644
60,Asymptomatic,0.9915254237288136
60,Hospitalization,0.0
60,Severe,0.0
61,Susceptible,0.4661016949152542
61,Infected,0.03389830508474576
61,Recovered_Immune,0.4915254237288136
61,Death,0.00847457627118644
61,Asymptomatic,0.9915254237288136
61,Hospitalization,0.0
61,Severe,0.0
62,Susceptible,0.4661016949152542
62,Infected,0.03389830508474576
62,Recovered_Immune,0.4915254237288136
62,Death,0.00847457627118644
62,Asymptomatic,0.9915254237288136
62,Hospitalization,0.0
62,Severe,0.0
63,Susceptible,0.4661016949152542
63,Infected,0.03389830508474576
63,Recovered_Immune,0.4915254237288136
63,Death,0.00847457627118644
63,Asymptomatic,0.9915254237288136
63,Hospitalization,0.0
63,Severe,0.0
64,Susceptible,0.4661016949152542
64,Infected,0.03389830508474576
64,Recovered_Immune,0.4915254237288136
64,Death,0.00847457627118644
64,Asymptomatic,0.9915254237288136
64,Hospitalization,0.0
64,Severe,0.0
65,Susceptible,0.4661016949152542
65,Infected,0.03389830508474576
65,Recovered_Immune,0.4915254237288136
65,Death,0.00847457627118644
65,Asymptomatic,0.9915254237288136
65,Hospitalization,0.0
65,Severe,0.0
66,Susceptible,0.4661016949152542
66,Infected,0.03389830508474576
66,Recovered_Immune,0.4915254237288136
66,Death,0.00847457627118644
66,Asymptomatic,0.9915254237288136
66,Hospitalization,0.0
66,Severe,0.0
67,Susceptible,0.4661016949152542
67,Infected,0.01694915254237288
67,Recovered_Immune,0.5084745762711864
67,Death,0.00847457627118644
67,Asymptomatic,0.9915254237288136
67,Hospitalization,0.0
67,Severe,0.0
68,Susceptible,0.4661016949152542
68,Infected,0.01694915254237288
68,Recovered_Immune,0.5084745762711864
68,Death,0.00847457627118644
68,Asymptomatic,0.9915254237288136
68,Hospitalization,0.0
68,Severe,0.0
69,Susceptible,0.4661016949152542
69,Infected,0.01694915254237288
69,Recovered_Immune,0.5084745762711864
69,Death,0.00847457627118644
69,Asymptomatic,0.9915254237288136
69,Hospitalization,0.0
69,Severe,0.0
70,Susceptible,0.4661016949152542
70,Infected,0.00847457627118644
70,Recovered_Immune,0.5169491525423728
70,Death,0.00847457627118644
70,Asymptomatic,0.9915254237288136
70,Hospitalization,0.0
70,Severe,0.0
71,Susceptible,0.4661016949152542
71,Infected,0.00847457627118644
71,Recovered_Immune,0.5169491525423728
71,Death,0.00847457627118644
71,Asymptomatic,0.9915254237288136
71,Hospitalization,0.0
71,Severe,0.0
72,Susceptible,0.4661016949152542
72,Infected,0.00847457627118644
72,Recovered_Immune,0.5169491525423728
72,Death,0.00847457627118644
72,Asymptomatic,0.9915254237288136
72,Hospitalization,0.0
72,Severe,0.0
73,Susceptible,0.4661016949152542
73,Infected,0.00847457627118644
73,Recovered_Immune,0.5169491525423728
73,Death,0.00847457627118644
73,Asymptomatic,0.9915254237288136
73,Hospitalization,0.0
73,Severe,0.0
74,Susceptible,0.4661016949152542
74,Infected,0.00847457627118644
74,Recovered_Immune,0.5169491525423728
74,Death,0.00847457627118644
74,Asymptomatic,0.9915254237288136
74,Hospitalization,0.0
74,Severe,0.0
75,Susceptible,0.4661016949152542
75,Infected,0.0
75,Recovered_Immune,0.5254237288135594
75,Death,0.00847457627118644
75,Asymptomatic,0.9915254237288136
75,Hospitalization,0.0
75,Severe,0.0
76,Susceptible,0.4661016949152542
76,Infected,0.0
76,Recovered_Immune,0.5254237288135594
76,Death,0.00847457627118644
76,Asymptomatic,0.9915254237288136
76,Hospitalization,0.0
76,Severe,0.0
77,Susceptible,0.4661016949152542
77,Infected,0.0
77,Recovered_Immune,0.5254237288135594
77,Death,0.00847457627118644
77,Asymptomatic,0.9915254237288136
77,Hospitalization,0.0
77,Severe,0.0
78,Susceptible,0.4661016949152542
78,Infected,0.0
78,Recovered_Immune,0.5254237288135594
78,Death,0.00847457627118644
78,Asymptomatic,0.9915254237288136
78,Hospitalization,0.0
78,Severe,0.0
79,Susceptible,0.4661016949152542
79,Infected,0.0
79,Recovered_Immune,0.5254237288135594
79,Death,0.00847457627118644
79,Asymptomatic,0.9915254237288136
79,Hospitalization,0.0
79,Severe,0.0
80,Susceptible,0.4661016949152542
80,Infected,0.0
80,Recovered_Immune,0.5254237288135594
80,Death,0.00847457627118644
80,Asymptomatic,0.9915254237288136
80,Hospitalization,0.0
80,Severe,0.0
81,Susceptible,0.4661016949152542
81,Infected,0.0
81,Recovered_Immune,0.5254237288135594
81,Death,0.00847457627118644
81,Asymptomatic,0.9915254237288136
81,Hospitalization,0.0
81,Severe,0.0
82,Susceptible,0.4661016949152542
82,Infected,0.0
82,Recovered_Immune,0.5254237288135594
82,Death,0.00847457627118644
82,Asymptomatic,0.9915254237288136
82,Hospitalization,0.0
82,Severe,0.0
83,Susceptible,0.4661016949152542
83,Infected,0.0
83,Recovered_Immune,0.5254237288135594
83,Death,0.00847457627118644
83,Asymptomatic,0.9915254237288136
83,Hospitalization,0.0
83,Severe,0.0
84,Susceptible,0.4661016949152542
84,Infected,0.0
84,Recovered_Immune,0.5254237288135594
84,Death,0.00847457627118644
84,Asymptomatic,0.9915254237288136
84,Hospitalization,0.0
84,Severe,0.0
85,Susceptible,0.4661016949152542
85,Infected,0.0
85,Recovered_Immune,0.5254237288135594
85,Death,0.00847457627118644
85,Asymptomatic,0.9915254237288136
85,Hospitalization,0.0
85,Severe,0.0
86,Susceptible,0.4661016949152542
86,Infected,0.0
86,Recovered_Immune,0.5254237288135594
86,Death,0.00847457627118644
86,Asymptomatic,0.9915254237288136
86,Hospitalization,0.0
86,Severe,0.0
87,Susceptible,0.4661016949152542
87,Infected,0.0
87,Recovered_Immune,0.5254237288135594
87,Death,0.00847457627118644
87,Asymptomatic,0.9915254237288136
87,Hospitalization,0.0
87,Severe,0.0
88,Susceptible,0.4661016949152542
88,Infected,0.0
88,Recovered_Immune,0.5254237288135594
88,Death,0.00847457627118644
88,Asymptomatic,0.9915254237288136
88,Hospitalization,0.0
88,Severe,0.0
89,Susceptible,0.4661016949152542
89,Infected,0.0
89,Recovered_Immune,0.5254237288135594
89,Death,0.00847457627118644
89,Asymptomatic,0.9915254237288136
89,Hospitalization,0.0
89,Severe,0.0
90,Susceptible,0.4661016949152542
90,Infected,0.0
90,Recovered_Immune,0.5254237288135594
90,Death,0.00847457627118644
90,Asymptomatic,0.9915254237288136
90,Hospitalization,0.0
90,Severe,0.0
91,Susceptible,0.4661016949152542
91,Infected,0.0
91,Recovered_Immune,0.5254237288135594
91,Death,0.00847457627118644
91,Asymptomatic,0.9915254237288136
91,Hospitalization,0.0
91,Severe,0.0
92,Susceptible,0.4661016949152542
92,Infected,0.0
92,Recovered_Immune,0.5254237288135594
92,Death,0.00847457627118644
92,Asymptomatic,0.9915254237288136
92,Hospitalization,0.0
92,Severe,0.0
93,Susceptible,0.4661016949152542
93,Infected,0.0
93,Recovered_Immune,0.5254237288135594
93,Death,0.00847457627118644
93,Asymptomatic,0.9915254237288136
93,Hospitalization,0.0
93,Severe,0.0
94,Susceptible,0.4661016949152542
94,Infected,0.0
94,Recovered_Immune,0.5254237288135594
94,Death,0.00847457627118644
94,Asymptomatic,0.9915254237288136
94,Hospitalization,0.0
94,Severe,0.0
95,Susceptible,0.4661016949152542
95,Infected,0.0
95,Recovered_Immune,0.5254237288135594
95,Death,0.00847457627118644
95,Asymptomatic,0.9915254237288136
95,Hospitalization,0.0
95,Severe,0.0
96,Susceptible,0.4661016949152542
96,Infected,0.0
96,Recovered_Immune,0.5254237288135594
96,Death,0.00847457627118644
96,Asymptomatic,0.9915254237288136
96,Hospitalization,0.0
96,Severe,0.0
97,Susceptible,0.4661016949152542
97,Infected,0.0
97,Recovered_Immune,0.5254237288135594
97,Death,0.00847457627118644
97,Asymptomatic,0.9915254237288136
97,Hospitalization,0.0
97,Severe,0.0
98,Susceptible,0.4661016949152542
98,Infected,0.0
98,Recovered_Immune,0.5254237288135594
98,Death,0.00847457627118644
98,Asymptomatic,0.9915254237288136
98,Hospitalization,0.0
98,Severe,0.0
99,Susceptible,0.4661016949152542
99,Infected,0.0
99,Recovered_Immune,0.5254237288135594
99,Death,0.00847457627118644
99,Asymptomatic,0.9915254237288136
99,Hospitalization,0.0
99,Severe,0.0
100,Susceptible,0.4661016949152542
100,Infected,0.0
100,Recovered_Immune,0.5254237288135594
100,Death,0.00847457627118644
100,Asymptomatic,0.9915254237288136
100,Hospitalization,0.0
100,Severe,0.0
101,Susceptible,0.4661016949152542
101,Infected,0.0
101,Recovered_Immune,0.5254237288135594
101,Death,0.00847457627118644
101,Asymptomatic,0.9915254237288136
101,Hospitalization,0.0
101,Severe,0.0
102,Susceptible,0.4661016949152542
102,Infected,0.0
102,Recovered_Immune,0.5254237288135594
102,Death,0.00847457627118644
102,Asymptomatic,0.9915254237288136
102,Hospitalization,0.0
102,Severe,0.0
103,Susceptible,0.4661016949152542
103,Infected,0.0
103,Recovered_Immune,0.5254237288135594
103,Death,0.00847457627118644
103,Asymptomatic,0.9915254237288136
103,Hospitalization,0.0
103,Severe,0.0
104,Susceptible,0.4661016949152542
104,Infected,0.0
104,Recovered_Immune,0.5254237288135594
104,Death,0.00847457627118644
104,Asymptomatic,0.9915254237288136
104,Hospitalization,0.0
104,Severe,0.0
105,Susceptible,0.4661016949152542
105,Infected,0.0
105,Recovered_Immune,0.5254237288135594
105,Death,0.00847457627118644
105,Asymptomatic,0.9915254237288136
105,Hospitalization,0.0
105,Severe,0.0
106,Susceptible,0.4661016949152542
106,Infected,0.0
106,Recovered_Immune,0.5254237288135594
106,Death,0.00847457627118644
106,Asymptomatic,0.9915254237288136
106,Hospitalization,0.0
106,Severe,0.0
107,Susceptible,0.4661016949152542
107,Infected,0.0
107,Recovered_Immune,0.5254237288135594
107,Death,0.00847457627118644
107,Asymptomatic,0.9915254237288136
107,Hospitalization,0.0
107,Severe,0.0
108,Susceptible,0.4661016949152542
108,Infected,0.0
108,Recovered_Immune,0.5254237288135594
108,Death,0.00847457627118644
108,Asymptomatic,0.9915254237288136
108,Hospitalization,0.0
108,Severe,0.0
109,Susceptible,0.4661016949152542
109,Infected,0.0
109,Recovered_Immune,0.5254237288135594
109,Death,0.00847457627118644
109,Asymptomatic,0.9915254237288136
109,Hospitalization,0.0
109,Severe,0.0
110,Susceptible,0.4661016949152542
110,Infected,0.0
110,Recovered_Immune,0.5254237288135594
110,Death,0.00847457627118644
110,Asymptomatic,0.9915254237288136
110,Hospitalization,0.0
110,Severe,0.0
111,Susceptible,0.4661016949152542
111,Infected,0.0
111,Recovered_Immune,0.5254237288135594
111,Death,0.00847457627118644
111,Asymptomatic,0.9915254237288136
111,Hospitalization,0.0
111,Severe,0.0
112,Susceptible,0.4661016949152542
112,Infected,0.0
112,Recovered_Immune,0.5254237288135594
112,Death,0.00847457627118644
112,Asymptomatic,0.9915254237288136
112,Hospitalization,0.0
112,Severe,0.0
113,Susceptible,0.4661016949152542
113,Infected,0.0
113,Recovered_Immune,0.5254237288135594
113,Death,0.00847457627118644
113,Asymptomatic,0.9915254237288136
113,Hospitalization,0.0
113,Severe,0.0
114,Susceptible,0.4661016949152542
114,Infected,0.0
114,Recovered_Immune,0.5254237288135594
114,Death,0.00847457627118644
114,Asymptomatic,0.9915254237288136
114,Hospitalization,0.0
114,Severe,0.0
115,Susceptible,0.4661016949152542
115,Infected,0.0
115,Recovered_Immune,0.5254237288135594
115,Death,0.00847457627118644
115,Asymptomatic,0.9915254237288136
115,Hospitalization,0.0
115,Severe,0.0
116,Susceptible,0.4661016949152542
116,Infected,0.0
116,Recovered_Immune,0.5254237288135594
116,Death,0.00847457627118644
116,Asymptomatic,0.9915254237288136
116,Hospitalization,0.0
116,Severe,0.0
117,Susceptible,0.4661016949152542
117,Infected,0.0
117,Recovered_Immune,0.5254237288135594
117,Death,0.00847457627118644
117,Asymptomatic,0.9915254237288136
117,Hospitalization,0.0
117,Severe,0.0
118,Susceptible,0.4661016949152542
118,Infected,0.0
118,Recovered_Immune,0.5254237288135594
118,Death,0.00847457627118644
118,Asymptomatic,0.9915254237288136
118,Hospitalization,0.0
118,Severe,0.0
119,Susceptible,0.4661016949152542
119,Infected,0.0
119,Recovered_Immune,0.5254237288135594
119,Death,0.00847457627118644
119,Asymptomatic,0.9915254237288136
119,Hospitalization,0.0
119,Severe,0.0
120,Susceptible,0.4661016949152542
120,Infected,0.0
120,Recovered_Immune,0.5254237288135594
120,Death,0.00847457627118644
120,Asymptomatic,0.9915254237288136
120,Hospitalization,0.0
120,Severe,0.0
121,Susceptible,0.4661016949152542
121,Infected,0.0
121,Recovered_Immune,0.5254237288135594
121,Death,0.00847457627118644
121,Asymptomatic,0.9915254237288136
121,Hospitalization,0.0
121,Severe,0.0
122,Susceptible,0.4661016949152542
122,Infected,0.0
122,Recovered_Immune,0.5254237288135594
122,Death,0.00847457627118644
122,Asymptomatic,0.9915254237288136
122,Hospitalization,0.0
122,Severe,0.0
123,Susceptible,0.4661016949152542
123,Infected,0.0
123,Recovered_Immune,0.5254237288135594
123,Death,0.00847457627118644
123,Asymptomatic,0.9915254237288136
123,Hospitalization,0.0
123,Severe,0.0
124,Susceptible,0.4661016949152542
124,Infected,0.0
124,Recovered_Immune,0.5254237288135594
124,Death,0.00847457627118644
124,Asymptomatic,0.9915254237288136
124,Hospitalization,0.0
124,Severe,0.0
125,Susceptible,0.4661016949152542
125,Infected,0.0
125,Recovered_Immune,0.5254237288135594
125,Death,0.00847457627118644
125,Asymptomatic,0.9915254237288136
125,Hospitalization,0.0
125,Severe,0.0
126,Susceptible,0.4661016949152542
126,Infected,0.0
126,Recovered_Immune,0.5254237288135594
126,Death,0.00847457627118644
126,Asymptomatic,0.9915254237288136
126,Hospitalization,0.0
126,Severe,0.0
127,Susceptible,0.4661016949152542
127,Infected,0.0
127,Recovered_Immune,0.5254237288135594
127,Death,0.00847457627118644
127,Asymptomatic,0.9915254237288136
127,Hospitalization,0.0
127,Severe,0.0
128,Susceptible,0.4661016949152542
128,Infected,0.0
128,Recovered_Immune,0.5254237288135594
128,Death,0.00847457627118644
128,Asymptomatic,0.9915254237288136
128,Hospitalization,0.0
128,Severe,0.0
129,Susceptible,0.4661016949152542
129,Infected,0.0
129,Recovered_Immune,0.5254237288135594
129,Death,0.00847457627118644
129,Asymptomatic,0.9915254237288136
129,Hospitalization,0.0
129,Severe,0.0
130,Susceptible,0.4661016949152542
130,Infected,0.0
130,Recovered_Immune,0.5254237288135594
130,Death,0.00847457627118644
130,Asymptomatic,0.9915254237288136
130,Hospitalization,0.0
130,Severe,0.0
131,Susceptible,0.4661016949152542
131,Infected,0.0
131,Recovered_Immune,0.5254237288135594
131,Death,0.00847457627118644
131,Asymptomatic,0.9915254237288136
131,Hospitalization,0.0
131,Severe,0.0
132,Susceptible,0.4661016949152542
132,Infected,0.0
132,Recovered_Immune,0.5254237288135594
132,Death,0.00847457627118644
132,Asymptomatic,0.9915254237288136
132,Hospitalization,0.0
132,Severe,0.0
133,Susceptible,0.4661016949152542
133,Infected,0.0
133,Recovered_Immune,0.5254237288135594
133,Death,0.00847457627118644
133,Asymptomatic,0.9915254237288136
133,Hospitalization,0.0
133,Severe,0.0
134,Susceptible,0.4661016949152542
134,Infected,0.0
134,Recovered_Immune,0.5254237288135594
134,Death,0.00847457627118644
134,Asymptomatic,0.9915254237288136
134,Hospitalization,0.0
134,Severe,0.0
135,Susceptible,0.4661016949152542
135,Infected,0.0
135,Recovered_Immune,0.5254237288135594
135,Death,0.00847457627118644
135,Asymptomatic,0.9915254237288136
135,Hospitalization,0.0
135,Severe,0.0
136,Susceptible,0.4661016949152542
136,Infected,0.0
136,Recovered_Immune,0.5254237288135594
136,Death,0.00847457627118644
136,Asymptomatic,0.9915254237288136
136,Hospitalization,0.0
136,Severe,0.0
137,Susceptible,0.4661016949152542
137,Infected,0.0
137,Recovered_Immune,0.5254237288135594
137,Death,0.00847457627118644
137,Asymptomatic,0.9915254237288136
137,Hospitalization,0.0
137,Severe,0.0
138,Susceptible,0.4661016949152542
138,Infected,0.0
138,Recovered_Immune,0.5254237288135594
138,Death,0.00847457627118644
138,Asymptomatic,0.9915254237288136
138,Hospitalization,0.0
138,Severe,0.0
139,Susceptible,0.4661016949152542
139,Infected,0.0
139,Recovered_Immune,0.5254237288135594
139,Death,0.00847457627118644
139,Asymptomatic,0.9915254237288136
139,Hospitalization,0.0
139,Severe,0.0
140,Susceptible,0.4661016949152542
140,Infected,0.0
140,Recovered_Immune,0.5254237288135594
140,Death,0.00847457627118644
140,Asymptomatic,0.9915254237288136
140,Hospitalization,0.0
140,Severe,0.0
141,Susceptible,0.4661016949152542
141,Infected,0.0
141,Recovered_Immune,0.5254237288135594
141,Death,0.00847457627118644
141,Asymptomatic,0.9915254237288136
141,Hospitalization,0.0
141,Severe,0.0
142,Susceptible,0.4661016949152542
142,Infected,0.0
142,Recovered_Immune,0.5254237288135594
142,Death,0.00847457627118644
142,Asymptomatic,0.9915254237288136
142,Hospitalization,0.0
142,Severe,0.0
143,Susceptible,0.4661016949152542
143,Infected,0.0
143,Recovered_Immune,0.5254237288135594
143,Death,0.00847457627118644
143,Asymptomatic,0.9915254237288136
143,Hospitalization,0.0
143,Severe,0.0
